#begin,document,(nw/wsj/00/wsj_0039);,part,000
nw/wsj/00/wsj_0039,0,0,As,IN,(TOP(S(PP*,-,-,-,-,*,(ARGM-PRD*,-
nw/wsj/00/wsj_0039,0,1,an,DT,(NP*,-,-,-,-,*,*,-
nw/wsj/00/wsj_0039,0,2,actor,NN,*)),-,-,-,-,*,*),-
nw/wsj/00/wsj_0039,0,3,,,,,*,-,-,-,-,*,*,-
nw/wsj/00/wsj_0039,0,4,Charles,NNP,(NP*,-,-,-,-,(PERSON*,(ARG1*,-
nw/wsj/00/wsj_0039,0,5,Lane,NNP,*),-,-,-,-,*),*),-
nw/wsj/00/wsj_0039,0,6,is,VBZ,(VP*,be,01,-,-,*,(V*),-
nw/wsj/00/wsj_0039,0,7,n't,RB,*,-,-,-,-,*,(ARGM-NEG*),-
nw/wsj/00/wsj_0039,0,8,the,DT,(NP(NP*,-,-,-,-,*,(ARG2*,-
nw/wsj/00/wsj_0039,0,9,inheritor,NN,*),-,-,-,-,*,*,-
nw/wsj/00/wsj_0039,0,10,of,IN,(PP*,-,-,-,-,*,*,-
nw/wsj/00/wsj_0039,0,11,Charlie,NNP,(NP(NP*,-,-,-,-,(PERSON*,*,-
nw/wsj/00/wsj_0039,0,12,Chaplin,NNP,*,-,-,-,-,*,*,-
nw/wsj/00/wsj_0039,0,13,'s,POS,*),-,-,-,-,*),*,-
nw/wsj/00/wsj_0039,0,14,spirit,NN,*)))),-,-,-,-,*,*),-
nw/wsj/00/wsj_0039,0,15,.,.,*)),-,-,-,-,*,*,-

nw/wsj/00/wsj_0039,0,0,Steve,NNP,(TOP(S(NP*,-,-,-,-,(PERSON*,(ARG0*,-
nw/wsj/00/wsj_0039,0,1,Martin,NNP,*),-,-,-,-,*),*),-
nw/wsj/00/wsj_0039,0,2,has,VBZ,(VP*,-,-,-,-,*,*,-
nw/wsj/00/wsj_0039,0,3,already,RB,(ADVP*),-,-,-,-,*,(ARGM-TMP*),-
nw/wsj/00/wsj_0039,0,4,laid,VBN,(VP*,lay,01,-,-,*,(V*),-
nw/wsj/00/wsj_0039,0,5,his,PRP$,(NP(NP*,-,-,-,-,*,(ARG1*,-
nw/wsj/00/wsj_0039,0,6,claim,NN,*),-,-,-,-,*,*,-
nw/wsj/00/wsj_0039,0,7,to,IN,(PP*,-,-,-,-,*,*,-
nw/wsj/00/wsj_0039,0,8,that,DT,(NP*))))),-,-,-,-,*,*),-
nw/wsj/00/wsj_0039,0,9,.,.,*)),-,-,-,-,*,*,-

nw/wsj/00/wsj_0039,0,0,But,CC,(TOP(S*,-,-,-,-,*,(ARGM-DIS*),*,*,-
nw/wsj/00/wsj_0039,0,1,it,PRP,(NP*),-,-,-,-,*,*,*,*,-
nw/wsj/00/wsj_0039,0,2,is,VBZ,(VP*,be,01,-,-,*,(V*),*,*,-
nw/wsj/00/wsj_0039,0,3,Mr.,NNP,(NP(NP*,-,-,-,-,*,(ARG2*,(ARG0*,(ARG0*,-
nw/wsj/00/wsj_0039,0,4,Lane,NNP,*),-,-,-,-,(PERSON),*,*,*,-
nw/wsj/00/wsj_0039,0,5,,,,,*,-,-,-,-,*,*,*,*,-
nw/wsj/00/wsj_0039,0,6,as,IN,(PP*,-,-,-,-,*,*,*,*,-
nw/wsj/00/wsj_0039,0,7,movie,NN,(NP(NP*,-,-,-,-,*,*,*,*,-
nw/wsj/00/wsj_0039,0,8,director,NN,*),-,-,-,-,*,*,*,*,-
nw/wsj/00/wsj_0039,0,9,,,,,*,-,-,-,-,*,*,*,*,-
nw/wsj/00/wsj_0039,0,10,producer,NN,(NP*),-,-,-,-,*,*,*,*,-
nw/wsj/00/wsj_0039,0,11,and,CC,*,-,-,-,-,*,*,*,*,-
nw/wsj/00/wsj_0039,0,12,writer,NN,(NP*))),-,-,-,-,*,*,*,*,-
nw/wsj/00/wsj_0039,0,13,,,,,*),-,-,-,-,*,*),*),*),-
nw/wsj/00/wsj_0039,0,14,who,WP,(SBAR(WHNP*),-,-,-,-,*,(ARG1*,(R-ARG0*),*,-
nw/wsj/00/wsj_0039,0,15,has,VBZ,(S(VP*,-,-,-,-,*,*,*,*,-
nw/wsj/00/wsj_0039,0,16,been,VBN,(VP*,-,-,-,-,*,*,*,*,-
nw/wsj/00/wsj_0039,0,17,obsessed,VBN,(ADJP*,obsess,01,1,-,*,*,(V*),*,-
nw/wsj/00/wsj_0039,0,18,with,IN,(PP*,-,-,-,-,*,*,(ARG1*,*,-
nw/wsj/00/wsj_0039,0,19,refitting,VBG,(S(VP*,refit,01,-,-,*,*,*,(V*),-
nw/wsj/00/wsj_0039,0,20,Chaplin,NNP,(NP(NP*,-,-,-,-,(PERSON),*,*,(ARG1*,-
nw/wsj/00/wsj_0039,0,21,'s,POS,*),-,-,-,-,*,*,*,*,-
nw/wsj/00/wsj_0039,0,22,Little,NNP,*,-,-,-,-,(PERSON*,*,*,*,-
nw/wsj/00/wsj_0039,0,23,Tramp,NNP,*),-,-,-,-,*),*,*,*),-
nw/wsj/00/wsj_0039,0,24,in,IN,(PP*,-,-,-,-,*,*,*,(ARGM-MNR*,-
nw/wsj/00/wsj_0039,0,25,a,DT,(NP*,-,-,-,-,*,*,*,*,-
nw/wsj/00/wsj_0039,0,26,contemporary,JJ,*,-,-,-,-,*,*,*,*,-
nw/wsj/00/wsj_0039,0,27,way,NN,*))))))))))),-,-,-,-,*,*),*),*),-
nw/wsj/00/wsj_0039,0,28,.,.,*)),-,-,-,-,*,*,*,*,-

nw/wsj/00/wsj_0039,0,0,In,IN,(TOP(S(PP*,-,-,-,-,*,(ARGM-TMP*,-
nw/wsj/00/wsj_0039,0,1,1976,CD,(NP*)),-,-,-,-,(DATE),*),-
nw/wsj/00/wsj_0039,0,2,,,,,*,-,-,-,-,*,*,-
nw/wsj/00/wsj_0039,0,3,as,IN,(PP*,-,-,-,-,*,(ARGM-PRD*,-
nw/wsj/00/wsj_0039,0,4,a,DT,(NP(NP*,-,-,-,-,*,*,-
nw/wsj/00/wsj_0039,0,5,film,NN,*,-,-,-,-,*,*,-
nw/wsj/00/wsj_0039,0,6,student,NN,*),-,-,-,-,*,*,-
nw/wsj/00/wsj_0039,0,7,at,IN,(PP*,-,-,-,-,*,*,-
nw/wsj/00/wsj_0039,0,8,the,DT,(NP(NP*,-,-,-,-,*,*,-
nw/wsj/00/wsj_0039,0,9,Purchase,NNP,*,-,-,-,-,(GPE),*,-
nw/wsj/00/wsj_0039,0,10,campus,NN,*),-,-,-,-,*,*,-
nw/wsj/00/wsj_0039,0,11,of,IN,(PP*,-,-,-,-,*,*,-
nw/wsj/00/wsj_0039,0,12,the,DT,(NP(NP*,-,-,-,-,(ORG*,*,-
nw/wsj/00/wsj_0039,0,13,State,NNP,*,-,-,-,-,*,*,-
nw/wsj/00/wsj_0039,0,14,University,NNP,*),-,-,-,-,*,*,-
nw/wsj/00/wsj_0039,0,15,of,IN,(PP*,-,-,-,-,*,*,-
nw/wsj/00/wsj_0039,0,16,New,NNP,(NP*,-,-,-,-,*,*,-
nw/wsj/00/wsj_0039,0,17,York,NNP,*)))))))),-,-,-,-,*),*),-
nw/wsj/00/wsj_0039,0,18,,,,,*,-,-,-,-,*,*,-
nw/wsj/00/wsj_0039,0,19,Mr.,NNP,(NP*,-,-,-,-,*,(ARG0*,-
nw/wsj/00/wsj_0039,0,20,Lane,NNP,*),-,-,-,-,(PERSON),*),-
nw/wsj/00/wsj_0039,0,21,shot,VBD,(VP*,shoot,03,-,-,*,(V*),-
nw/wsj/00/wsj_0039,0,22,``,``,(NP*,-,-,-,-,*,(ARG1*,-
nw/wsj/00/wsj_0039,0,23,A,DT,(NP*,-,-,-,-,(WORK_OF_ART*,*,-
nw/wsj/00/wsj_0039,0,24,Place,NNP,*,-,-,-,-,*,*,-
nw/wsj/00/wsj_0039,0,25,in,IN,*,-,-,-,-,*,*,-
nw/wsj/00/wsj_0039,0,26,Time,NNP,*),-,-,-,-,*),*,-
nw/wsj/00/wsj_0039,0,27,,,,,*,-,-,-,-,*,*,-
nw/wsj/00/wsj_0039,0,28,'','',*,-,-,-,-,*,*,-
nw/wsj/00/wsj_0039,0,29,a,DT,(NP(NP*,-,-,-,-,*,*,-
nw/wsj/00/wsj_0039,0,30,36,CD,(NML*,-,-,-,-,(TIME*,*,-
nw/wsj/00/wsj_0039,0,31,-,HYPH,*,-,-,-,-,*,*,-
nw/wsj/00/wsj_0039,0,32,minute,NN,*),-,-,-,-,*),*,-
nw/wsj/00/wsj_0039,0,33,black,JJ,(ADJP*,-,-,-,-,*,*,-
nw/wsj/00/wsj_0039,0,34,-,HYPH,*,-,-,-,-,*,*,-
nw/wsj/00/wsj_0039,0,35,and,CC,*,-,-,-,-,*,*,-
nw/wsj/00/wsj_0039,0,36,-,HYPH,*,-,-,-,-,*,*,-
nw/wsj/00/wsj_0039,0,37,white,JJ,*),-,-,-,-,*,*,-
nw/wsj/00/wsj_0039,0,38,film,NN,*),-,-,-,-,*,*,-
nw/wsj/00/wsj_0039,0,39,about,IN,(PP*,-,-,-,-,*,*,-
nw/wsj/00/wsj_0039,0,40,a,DT,(NP(NP*,-,-,-,-,*,*,-
nw/wsj/00/wsj_0039,0,41,sketch,NN,*,-,-,-,-,*,*,-
nw/wsj/00/wsj_0039,0,42,artist,NN,*),-,-,-,-,*,*,-
nw/wsj/00/wsj_0039,0,43,,,,,*,-,-,-,-,*,*,-
nw/wsj/00/wsj_0039,0,44,a,DT,(NP(NP*,-,-,-,-,*,*,-
nw/wsj/00/wsj_0039,0,45,man,NN,*),-,-,-,-,*,*,-
nw/wsj/00/wsj_0039,0,46,of,IN,(PP*,-,-,-,-,*,*,-
nw/wsj/00/wsj_0039,0,47,the,DT,(NP*,-,-,-,-,*,*,-
nw/wsj/00/wsj_0039,0,48,streets,NNS,*)))))))),-,-,-,-,*,*),-
nw/wsj/00/wsj_0039,0,49,.,.,*)),-,-,-,-,*,*,-

nw/wsj/00/wsj_0039,0,0,Now,RB,(TOP(S(ADVP*),-,-,-,-,*,(ARGM-TMP*),*,-
nw/wsj/00/wsj_0039,0,1,,,,,*,-,-,-,-,*,*,*,-
nw/wsj/00/wsj_0039,0,2,13,CD,(ADVP(NP*,-,-,-,-,(DATE*,(ARGM-TMP*,*,-
nw/wsj/00/wsj_0039,0,3,years,NNS,*),-,-,-,-,*,*,*,-
nw/wsj/00/wsj_0039,0,4,later,RB,*),-,-,-,-,*),*),*,-
nw/wsj/00/wsj_0039,0,5,,,,,*,-,-,-,-,*,*,*,-
nw/wsj/00/wsj_0039,0,6,Mr.,NNP,(NP*,-,-,-,-,*,(ARG0*,*,-
nw/wsj/00/wsj_0039,0,7,Lane,NNP,*),-,-,-,-,(PERSON),*),*,-
nw/wsj/00/wsj_0039,0,8,has,VBZ,(VP*,-,-,-,-,*,*,*,-
nw/wsj/00/wsj_0039,0,9,revived,VBN,(VP*,revive,01,1,-,*,(V*),*,-
nw/wsj/00/wsj_0039,0,10,his,PRP$,(NP*,-,-,-,-,*,(ARG1*,*,-
nw/wsj/00/wsj_0039,0,11,Artist,NNP,*),-,-,-,-,*,*),*,-
nw/wsj/00/wsj_0039,0,12,in,IN,(PP*,-,-,-,-,*,(ARGM-LOC*,*,-
nw/wsj/00/wsj_0039,0,13,a,DT,(NP(NP*,-,-,-,-,*,*,(ARG1*,-
nw/wsj/00/wsj_0039,0,14,full,JJ,(NML*,-,-,-,-,*,*,*,-
nw/wsj/00/wsj_0039,0,15,-,HYPH,*,-,-,-,-,*,*,*,-
nw/wsj/00/wsj_0039,0,16,length,NN,*),-,-,-,-,*,*,*,-
nw/wsj/00/wsj_0039,0,17,movie,NN,*),-,-,-,-,*,*,*),-
nw/wsj/00/wsj_0039,0,18,called,VBN,(VP*,call,01,-,-,*,*,(V*),-
nw/wsj/00/wsj_0039,0,19,``,``,(S(NP*,-,-,-,-,*,*,(ARG2*,-
nw/wsj/00/wsj_0039,0,20,Sidewalk,NNP,(NP*,-,-,-,-,(WORK_OF_ART*,*,*,-
nw/wsj/00/wsj_0039,0,21,Stories,NNP,*),-,-,-,-,*),*,*,-
nw/wsj/00/wsj_0039,0,22,,,,,*,-,-,-,-,*,*,*,-
nw/wsj/00/wsj_0039,0,23,'','',*,-,-,-,-,*,*,*,-
nw/wsj/00/wsj_0039,0,24,a,DT,(NP(NP*,-,-,-,-,*,*,*,-
nw/wsj/00/wsj_0039,0,25,poignant,JJ,*,-,-,-,-,*,*,*,-
nw/wsj/00/wsj_0039,0,26,piece,NN,*),-,-,-,-,*,*,*,-
nw/wsj/00/wsj_0039,0,27,of,IN,(PP*,-,-,-,-,*,*,*,-
nw/wsj/00/wsj_0039,0,28,work,NN,(NP*)),-,-,-,-,*,*,*,-
nw/wsj/00/wsj_0039,0,29,about,IN,(PP*,-,-,-,-,*,*,*,-
nw/wsj/00/wsj_0039,0,30,a,DT,(NP*,-,-,-,-,*,*,*,-
nw/wsj/00/wsj_0039,0,31,modern,JJ,(NML*,-,-,-,-,(DATE*,*,*,-
nw/wsj/00/wsj_0039,0,32,-,HYPH,*,-,-,-,-,*,*,*,-
nw/wsj/00/wsj_0039,0,33,day,NN,*),-,-,-,-,*),*,*,-
nw/wsj/00/wsj_0039,0,34,tramp,NN,*)))))))))),-,-,-,-,*,*),*),-
nw/wsj/00/wsj_0039,0,35,.,.,*)),-,-,-,-,*,*,*,-

nw/wsj/00/wsj_0039,0,0,Of,RB,(TOP(S(ADVP*,-,-,-,-,*,*,(ARGM-DIS*,-
nw/wsj/00/wsj_0039,0,1,course,RB,*),-,-,-,-,*,*,*),-
nw/wsj/00/wsj_0039,0,2,,,,,*,-,-,-,-,*,*,*,-
nw/wsj/00/wsj_0039,0,3,if,IN,(SBAR*,-,-,-,-,*,*,(ARGM-ADV*,-
nw/wsj/00/wsj_0039,0,4,the,DT,(S(NP*,-,-,-,-,*,(ARG0*,*,-
nw/wsj/00/wsj_0039,0,5,film,NN,*),-,-,-,-,*,*),*,-
nw/wsj/00/wsj_0039,0,6,contained,VBD,(VP*,contain,01,-,-,*,(V*),*,-
nw/wsj/00/wsj_0039,0,7,dialogue,NN,(NP*)))),-,-,-,-,*,(ARG1*),*),-
nw/wsj/00/wsj_0039,0,8,,,,,*,-,-,-,-,*,*,*,-
nw/wsj/00/wsj_0039,0,9,Mr.,NNP,(NP(NP*,-,-,-,-,*,*,(ARG1*,-
nw/wsj/00/wsj_0039,0,10,Lane,NNP,*,-,-,-,-,(PERSON),*,*,-
nw/wsj/00/wsj_0039,0,11,'s,POS,*),-,-,-,-,*,*,*,-
nw/wsj/00/wsj_0039,0,12,Artist,NNP,*),-,-,-,-,*,*,*),-
nw/wsj/00/wsj_0039,0,13,would,MD,(VP*,-,-,-,-,*,*,(ARGM-MOD*),-
nw/wsj/00/wsj_0039,0,14,be,VB,(VP*,-,-,-,-,*,*,*,-
nw/wsj/00/wsj_0039,0,15,called,VBN,(VP*,call,01,-,-,*,*,(V*),-
nw/wsj/00/wsj_0039,0,16,a,DT,(S(NP*,-,-,-,-,*,*,(ARG2*,-
nw/wsj/00/wsj_0039,0,17,homeless,JJ,*,-,-,-,-,*,*,*,-
nw/wsj/00/wsj_0039,0,18,person,NN,*))))),-,-,-,-,*,*,*),-
nw/wsj/00/wsj_0039,0,19,.,.,*)),-,-,-,-,*,*,*,-

nw/wsj/00/wsj_0039,0,0,So,RB,(TOP(SINV(ADVP*),-,-,-,-,*,-
nw/wsj/00/wsj_0039,0,1,would,MD,(VP*),-,-,-,-,*,-
nw/wsj/00/wsj_0039,0,2,the,DT,(NP*,-,-,-,-,(PERSON*,-
nw/wsj/00/wsj_0039,0,3,Little,NNP,*,-,-,-,-,*,-
nw/wsj/00/wsj_0039,0,4,Tramp,NNP,*),-,-,-,-,*),-
nw/wsj/00/wsj_0039,0,5,,,,,*,-,-,-,-,*,-
nw/wsj/00/wsj_0039,0,6,for,IN,(PP*,-,-,-,-,*,-
nw/wsj/00/wsj_0039,0,7,that,DT,(NP*,-,-,-,-,*,-
nw/wsj/00/wsj_0039,0,8,matter,NN,*)),-,-,-,-,*,-
nw/wsj/00/wsj_0039,0,9,.,.,*)),-,-,-,-,*,-

nw/wsj/00/wsj_0039,0,0,I,PRP,(TOP(S(NP*),-,-,-,-,*,(ARG0*),*,*,-
nw/wsj/00/wsj_0039,0,1,say,VBP,(VP*,say,01,-,-,*,(V*),*,*,-
nw/wsj/00/wsj_0039,0,2,``,``,*,-,-,-,-,*,*,*,*,-
nw/wsj/00/wsj_0039,0,3,contained,VBD,(S(VP*,contain,01,-,-,*,(ARG1*,(V*),*,-
nw/wsj/00/wsj_0039,0,4,dialogue,NN,(NP*))),-,-,-,-,*,*),(ARG1*),*,-
nw/wsj/00/wsj_0039,0,5,'','',*,-,-,-,-,*,*,*,*,-
nw/wsj/00/wsj_0039,0,6,because,IN,(SBAR*,-,-,-,-,*,(ARGM-CAU*,*,*,-
nw/wsj/00/wsj_0039,0,7,``,``,(S*,-,-,-,-,*,*,*,*,-
nw/wsj/00/wsj_0039,0,8,Sidewalk,NNP,(NP*,-,-,-,-,(WORK_OF_ART*,*,(ARG0*,(ARG1*,-
nw/wsj/00/wsj_0039,0,9,Stories,NNP,*),-,-,-,-,*),*,*),*),-
nw/wsj/00/wsj_0039,0,10,'','',*,-,-,-,-,*,*,*,*,-
nw/wsj/00/wsj_0039,0,11,is,VBZ,(VP*,be,01,-,-,*,*,*,(V*),-
nw/wsj/00/wsj_0039,0,12,n't,RB,*,-,-,-,-,*,*,*,(ARGM-NEG*),-
nw/wsj/00/wsj_0039,0,13,really,RB,(ADVP*),-,-,-,-,*,*,*,(ARGM-ADV*),-
nw/wsj/00/wsj_0039,0,14,silent,JJ,(ADJP*),-,-,-,-,*,*,*,(ARG2*),-
nw/wsj/00/wsj_0039,0,15,at,RB,(ADVP*,-,-,-,-,*,*,*,(ARGM-ADV*,-
nw/wsj/00/wsj_0039,0,16,all,RB,*))))),-,-,-,-,*,*),*,*),-
nw/wsj/00/wsj_0039,0,17,.,.,*)),-,-,-,-,*,*,*,*,-

nw/wsj/00/wsj_0039,0,0,Composer,NN,(TOP(S(NP(NP*,-,-,-,-,*,*,*,(ARG0*,*,*,*,-
nw/wsj/00/wsj_0039,0,1,Marc,NNP,*,-,-,-,-,(PERSON*,*,*,*,*,*,*,-
nw/wsj/00/wsj_0039,0,2,Marder,NNP,*),-,-,-,-,*),*,*,*,*,*,*,-
nw/wsj/00/wsj_0039,0,3,,,,,*,-,-,-,-,*,*,*,*,*,*,*,-
nw/wsj/00/wsj_0039,0,4,a,DT,(NP(NP(NP*,-,-,-,-,*,(ARG0*,*,*,*,*,*,-
nw/wsj/00/wsj_0039,0,5,college,NN,*,-,-,-,-,*,*,*,*,*,*,*,-
nw/wsj/00/wsj_0039,0,6,friend,NN,*),-,-,-,-,*,*,*,*,*,*,*,-
nw/wsj/00/wsj_0039,0,7,of,IN,(PP*,-,-,-,-,*,*,*,*,*,*,*,-
nw/wsj/00/wsj_0039,0,8,Mr.,NNP,(NP*,-,-,-,-,*,*,*,*,*,*,*,-
nw/wsj/00/wsj_0039,0,9,Lane,NNP,*,-,-,-,-,(PERSON),*,*,*,*,*,*,-
nw/wsj/00/wsj_0039,0,10,'s,POS,*))),-,-,-,-,*,*),*,*,*,*,*,-
nw/wsj/00/wsj_0039,0,11,who,WP,(SBAR(WHNP*),-,-,-,-,*,(R-ARG0*),(ARG0*),*,*,*,*,-
nw/wsj/00/wsj_0039,0,12,earns,VBZ,(S(VP*,earn,01,-,-,*,(V*),*,*,*,*,*,-
nw/wsj/00/wsj_0039,0,13,his,PRP$,(NP*,-,-,-,-,*,(ARG1*,*,*,*,*,*,-
nw/wsj/00/wsj_0039,0,14,living,NN,*),-,-,-,-,*,*),*,*,*,*,*,-
nw/wsj/00/wsj_0039,0,15,playing,VBG,(S(VP*,play,01,-,-,*,(ARGM-MNR*,(V*),*,*,*,*,-
nw/wsj/00/wsj_0039,0,16,the,DT,(NP*,-,-,-,-,*,*,(ARG2*,*,*,*,*,-
nw/wsj/00/wsj_0039,0,17,double,JJ,*,-,-,-,-,*,*,*,*,*,*,*,-
nw/wsj/00/wsj_0039,0,18,bass,NN,*),-,-,-,-,*,*,*),*,*,*,*,-
nw/wsj/00/wsj_0039,0,19,in,IN,(PP*,-,-,-,-,*,*,(ARGM-LOC*,*,*,*,*,-
nw/wsj/00/wsj_0039,0,20,classical,JJ,(NP(NML*,-,-,-,-,*,*,*,*,*,*,*,-
nw/wsj/00/wsj_0039,0,21,music,NN,*),-,-,-,-,*,*,*,*,*,*,*,-
nw/wsj/00/wsj_0039,0,22,ensembles,NNS,*)))))))),-,-,-,-,*,*),*),*,*,*,*,-
nw/wsj/00/wsj_0039,0,23,,,,,*),-,-,-,-,*,*,*,*),*,*,*,-
nw/wsj/00/wsj_0039,0,24,has,VBZ,(VP*,-,-,-,-,*,*,*,*,*,*,*,-
nw/wsj/00/wsj_0039,0,25,prepared,VBN,(VP*,prepare,02,-,-,*,*,*,(V*),*,*,*,-
nw/wsj/00/wsj_0039,0,26,an,DT,(NP(NP*,-,-,-,-,*,*,*,(ARG1*,(ARG0*,*,*,-
nw/wsj/00/wsj_0039,0,27,exciting,JJ,*,-,-,-,-,*,*,*,*,*,*,*,-
nw/wsj/00/wsj_0039,0,28,,,,,*,-,-,-,-,*,*,*,*,*,*,*,-
nw/wsj/00/wsj_0039,0,29,eclectic,JJ,*,-,-,-,-,*,*,*,*,*,*,*,-
nw/wsj/00/wsj_0039,0,30,score,NN,*),-,-,-,-,*,*,*,*,*),*,*,-
nw/wsj/00/wsj_0039,0,31,that,WDT,(SBAR(WHNP*),-,-,-,-,*,*,*,*,(R-ARG0*),*,*,-
nw/wsj/00/wsj_0039,0,32,tells,VBZ,(S(VP*,tell,01,-,-,*,*,*,*,(V*),*,*,-
nw/wsj/00/wsj_0039,0,33,you,PRP,(NP*),-,-,-,-,*,*,*,*,(ARG2*),*,*,-
nw/wsj/00/wsj_0039,0,34,what,WP,(SBAR(WHNP*),-,-,-,-,*,*,*,*,(ARG1*,(ARG1*),(ARG1*),-
nw/wsj/00/wsj_0039,0,35,the,DT,(S(NP*,-,-,-,-,*,*,*,*,*,(ARG0*,(ARG0*,-
nw/wsj/00/wsj_0039,0,36,characters,NNS,*),-,-,-,-,*,*,*,*,*,*),*),-
nw/wsj/00/wsj_0039,0,37,are,VBP,(VP*,-,-,-,-,*,*,*,*,*,*,*,-
nw/wsj/00/wsj_0039,0,38,thinking,VBG,(VP(VP*),think,01,-,-,*,*,*,*,*,(V*),*,-
nw/wsj/00/wsj_0039,0,39,and,CC,*,-,-,-,-,*,*,*,*,*,*,*,-
nw/wsj/00/wsj_0039,0,40,feeling,VBG,(VP*))))),feel,01,-,-,*,*,*,*,*),*,(V*),-
nw/wsj/00/wsj_0039,0,41,far,RB,(ADVP(ADVP*,-,-,-,-,*,*,*,*,(ARGM-MNR*,*,*,-
nw/wsj/00/wsj_0039,0,42,more,RBR,*,-,-,-,-,*,*,*,*,*,*,*,-
nw/wsj/00/wsj_0039,0,43,precisely,RB,*),-,-,-,-,*,*,*,*,*,*,*,-
nw/wsj/00/wsj_0039,0,44,than,IN,(SBAR*,-,-,-,-,*,*,*,*,*,*,*,-
nw/wsj/00/wsj_0039,0,45,intertitles,NNS,(S(NP(NP*),-,-,-,-,*,*,*,*,*,*,*,-
nw/wsj/00/wsj_0039,0,46,,,,,*,-,-,-,-,*,*,*,*,*,*,*,-
nw/wsj/00/wsj_0039,0,47,or,CC,*,-,-,-,-,*,*,*,*,*,*,*,-
nw/wsj/00/wsj_0039,0,48,even,RB,(NP*,-,-,-,-,*,*,*,*,*,*,*,-
nw/wsj/00/wsj_0039,0,49,words,NNS,*),-,-,-,-,*,*,*,*,*,*,*,-
nw/wsj/00/wsj_0039,0,50,,,,,*),-,-,-,-,*,*,*,*,*,*,*,-
nw/wsj/00/wsj_0039,0,51,would,MD,(VP*)))))))))),-,-,-,-,*,*,*,*),*),*,*,-
nw/wsj/00/wsj_0039,0,52,.,.,*)),-,-,-,-,*,*,*,*,*,*,*,-

nw/wsj/00/wsj_0039,0,0,Much,JJ,(TOP(S(NP(NP*),-,-,-,-,*,(ARG0*,*,*,-
nw/wsj/00/wsj_0039,0,1,of,IN,(PP*,-,-,-,-,*,*,*,*,-
nw/wsj/00/wsj_0039,0,2,Mr.,NNP,(NP(NP*,-,-,-,-,*,*,*,*,-
nw/wsj/00/wsj_0039,0,3,Lane,NNP,*,-,-,-,-,(PERSON),*,*,*,-
nw/wsj/00/wsj_0039,0,4,'s,POS,*),-,-,-,-,*,*,*,*,-
nw/wsj/00/wsj_0039,0,5,film,NN,*))),-,-,-,-,*,*),*,*,-
nw/wsj/00/wsj_0039,0,6,takes,VBZ,(VP*,take,01,-,-,*,(V*),*,*,-
nw/wsj/00/wsj_0039,0,7,a,DT,(NP(NP(NP*,-,-,-,-,*,(ARG1*,*,*,-
nw/wsj/00/wsj_0039,0,8,highly,RB,(ADJP*,-,-,-,-,*,*,(ARGM-EXT*),*,-
nw/wsj/00/wsj_0039,0,9,romanticized,VBN,*),romanticize,01,-,-,*,*,(V*),*,-
nw/wsj/00/wsj_0039,0,10,view,NN,*),-,-,-,-,*,*,(ARG1*),(ARG1*),-
nw/wsj/00/wsj_0039,0,11,of,IN,(PP*,-,-,-,-,*,*,*,*,-
nw/wsj/00/wsj_0039,0,12,life,NN,(NP(NP*),-,-,-,-,*,*,*,*,-
nw/wsj/00/wsj_0039,0,13,on,IN,(PP*,-,-,-,-,*,*,*,*,-
nw/wsj/00/wsj_0039,0,14,the,DT,(NP*,-,-,-,-,*,*,*,*,-
nw/wsj/00/wsj_0039,0,15,streets,NNS,*))))),-,-,-,-,*,*,*,*,-
nw/wsj/00/wsj_0039,0,16,-LRB-,-LRB-,*,-,-,-,-,*,*,*,*,-
nw/wsj/00/wsj_0039,0,17,though,IN,(SBAR*,-,-,-,-,*,*,*,(ARGM-DIS*),-
nw/wsj/00/wsj_0039,0,18,probably,RB,(FRAG(ADVP*),-,-,-,-,*,*,*,(ARGM-ADV*),-
nw/wsj/00/wsj_0039,0,19,no,DT,(ADJP(ADJP(ADVP*,-,-,-,-,*,*,*,(ARGM-EXT*,-
nw/wsj/00/wsj_0039,0,20,more,RBR,*),-,-,-,-,*,*,*,*),-
nw/wsj/00/wsj_0039,0,21,romanticized,VBN,*),romanticize,01,-,-,*,*,*,(V*),-
nw/wsj/00/wsj_0039,0,22,than,IN,(PP*,-,-,-,-,*,*,*,*,-
nw/wsj/00/wsj_0039,0,23,Mr.,NNP,(NP(NP(NP*,-,-,-,-,*,*,*,*,-
nw/wsj/00/wsj_0039,0,24,Chaplin,NNP,*,-,-,-,-,(PERSON),*,*,*,-
nw/wsj/00/wsj_0039,0,25,'s,POS,*),-,-,-,-,*,*,*,*,-
nw/wsj/00/wsj_0039,0,26,notion,NN,*),-,-,-,-,*,*,*,*,-
nw/wsj/00/wsj_0039,0,27,of,IN,(PP*,-,-,-,-,*,*,*,*,-
nw/wsj/00/wsj_0039,0,28,the,DT,(NP(NP*,-,-,-,-,*,*,*,*,-
nw/wsj/00/wsj_0039,0,29,Tramp,NNP,*),-,-,-,-,(PERSON),*,*,*,-
nw/wsj/00/wsj_0039,0,30,as,IN,(PP*,-,-,-,-,*,*,*,*,-
nw/wsj/00/wsj_0039,0,31,the,DT,(NP*,-,-,-,-,*,*,*,*,-
nw/wsj/00/wsj_0039,0,32,good,JJ,(ADJP*,-,-,-,-,*,*,*,*,-
nw/wsj/00/wsj_0039,0,33,-,HYPH,*,-,-,-,-,*,*,*,*,-
nw/wsj/00/wsj_0039,0,34,hearted,JJ,*),-,-,-,-,*,*,*,*,-
nw/wsj/00/wsj_0039,0,35,free,JJ,*,-,-,-,-,*,*,*,*,-
nw/wsj/00/wsj_0039,0,36,spirit,NN,*))))))))),-,-,-,-,*,*,*,*,-
nw/wsj/00/wsj_0039,0,37,-RRB-,-RRB-,*)),-,-,-,-,*,*),*,*,-
nw/wsj/00/wsj_0039,0,38,.,.,*)),-,-,-,-,*,*,*,*,-

nw/wsj/00/wsj_0039,0,0,Filmed,VBN,(TOP(S(S(VP*,film,01,-,-,*,(V*),(ARGM-PRD*,-
nw/wsj/00/wsj_0039,0,1,in,IN,(PP*,-,-,-,-,*,(ARGM-MNR*,*,-
nw/wsj/00/wsj_0039,0,2,lovely,JJ,(NP*,-,-,-,-,*,*,*,-
nw/wsj/00/wsj_0039,0,3,black,NN,*,-,-,-,-,*,*,*,-
nw/wsj/00/wsj_0039,0,4,and,CC,*,-,-,-,-,*,*,*,-
nw/wsj/00/wsj_0039,0,5,white,NN,*)),-,-,-,-,*,*),*,-
nw/wsj/00/wsj_0039,0,6,by,IN,(PP*,-,-,-,-,*,(ARG0*,*,-
nw/wsj/00/wsj_0039,0,7,Bill,NNP,(NP*,-,-,-,-,(PERSON*,*,*,-
nw/wsj/00/wsj_0039,0,8,Dill,NNP,*)))),-,-,-,-,*),*),*),-
nw/wsj/00/wsj_0039,0,9,,,,,*,-,-,-,-,*,*,*,-
nw/wsj/00/wsj_0039,0,10,the,DT,(NP(NP*,-,-,-,-,*,(ARG1*,*,-
nw/wsj/00/wsj_0039,0,11,New,NNP,(NML*,-,-,-,-,(GPE*,*,*,-
nw/wsj/00/wsj_0039,0,12,York,NNP,*),-,-,-,-,*),*,*,-
nw/wsj/00/wsj_0039,0,13,streets,NNS,*),-,-,-,-,*,*,*,-
nw/wsj/00/wsj_0039,0,14,of,IN,(PP*,-,-,-,-,*,*,*,-
nw/wsj/00/wsj_0039,0,15,``,``,*,-,-,-,-,*,*,*,-
nw/wsj/00/wsj_0039,0,16,Sidewalk,NNP,(NP*,-,-,-,-,(WORK_OF_ART*,*,*,-
nw/wsj/00/wsj_0039,0,17,Stories,NNP,*),-,-,-,-,*),*,*,-
nw/wsj/00/wsj_0039,0,18,'','',*)),-,-,-,-,*,*),*,-
nw/wsj/00/wsj_0039,0,19,seem,VBP,(VP*,seem,01,1,-,*,*,(V*),-
nw/wsj/00/wsj_0039,0,20,benign,JJ,(S(ADJP*))),-,-,-,-,*,*,(ARG1*),-
nw/wsj/00/wsj_0039,0,21,.,.,*)),-,-,-,-,*,*,*,-

nw/wsj/00/wsj_0039,0,0,On,IN,(TOP(S(PP*,-,-,-,-,*,(ARGM-LOC*,*,*,-
nw/wsj/00/wsj_0039,0,1,Wall,NNP,(NP*,-,-,-,-,*,*,*,*,-
nw/wsj/00/wsj_0039,0,2,Street,NNP,*)),-,-,-,-,*,*),*,*,-
nw/wsj/00/wsj_0039,0,3,men,NNS,(NP*,-,-,-,-,*,(ARG0*,(ARG0*,*,-
nw/wsj/00/wsj_0039,0,4,and,CC,*,-,-,-,-,*,*,*,*,-
nw/wsj/00/wsj_0039,0,5,women,NNS,*),-,-,-,-,*,*),*),*,-
nw/wsj/00/wsj_0039,0,6,walk,VBP,(VP*,walk,01,-,-,*,(V*),*,*,-
nw/wsj/00/wsj_0039,0,7,with,IN,(PP*,-,-,-,-,*,(ARGM-MNR*,*,*,-
nw/wsj/00/wsj_0039,0,8,great,JJ,(NP*,-,-,-,-,*,*,*,*,-
nw/wsj/00/wsj_0039,0,9,purpose,NN,*)),-,-,-,-,*,*),*,*,-
nw/wsj/00/wsj_0039,0,10,,,,,*,-,-,-,-,*,*,*,*,-
nw/wsj/00/wsj_0039,0,11,noticing,VBG,(S(VP*,notice,01,-,-,*,(ARGM-PRD*,(V*),*,-
nw/wsj/00/wsj_0039,0,12,one,CD,(NP*,-,-,-,-,*,*,(ARG1*,*,-
nw/wsj/00/wsj_0039,0,13,another,DT,*),-,-,-,-,*,*,*),*,-
nw/wsj/00/wsj_0039,0,14,only,RB,(SBAR(WHADVP*,-,-,-,-,*,*,(ARGM-TMP*,(ARGM-TMP*,-
nw/wsj/00/wsj_0039,0,15,when,WRB,*),-,-,-,-,*,*,*,*),-
nw/wsj/00/wsj_0039,0,16,they,PRP,(S(NP*),-,-,-,-,*,*,*,(ARG0*),-
nw/wsj/00/wsj_0039,0,17,jostle,VBP,(VP*,jostle,01,-,-,*,*,*,(V*),-
nw/wsj/00/wsj_0039,0,18,for,IN,(PP*,-,-,-,-,*,*,*,(ARG1*,-
nw/wsj/00/wsj_0039,0,19,cabs,NNS,(NP*)))))))),-,-,-,-,*,*),*),*),-
nw/wsj/00/wsj_0039,0,20,.,.,*)),-,-,-,-,*,*,*,*,-

nw/wsj/00/wsj_0039,0,0,The,DT,(TOP(S(NP*,-,-,-,-,*,(ARG1*,*,-
nw/wsj/00/wsj_0039,0,1,Artist,NNP,*),-,-,-,-,*,*),*,-
nw/wsj/00/wsj_0039,0,2,hangs,VBZ,(VP*,hang,06,7,-,*,(V*),*,-
nw/wsj/00/wsj_0039,0,3,out,RP,(PRT*),-,-,-,-,*,*,*,-
nw/wsj/00/wsj_0039,0,4,in,IN,(PP*,-,-,-,-,*,(ARGM-LOC*,*,-
nw/wsj/00/wsj_0039,0,5,Greenwich,NNP,(NP*,-,-,-,-,(LOC*,*,*,-
nw/wsj/00/wsj_0039,0,6,Village,NNP,*)),-,-,-,-,*),*),*,-
nw/wsj/00/wsj_0039,0,7,,,,,*,-,-,-,-,*,*,*,-
nw/wsj/00/wsj_0039,0,8,on,IN,(PP*,-,-,-,-,*,(ARGM-LOC*,*,-
nw/wsj/00/wsj_0039,0,9,a,DT,(NP(NP(NP*,-,-,-,-,*,*,(ARG1*,-
nw/wsj/00/wsj_0039,0,10,strip,NN,*),-,-,-,-,*,*,*,-
nw/wsj/00/wsj_0039,0,11,of,IN,(PP*,-,-,-,-,*,*,*,-
nw/wsj/00/wsj_0039,0,12,Sixth,NNP,(NP*,-,-,-,-,(FAC*,*,*,-
nw/wsj/00/wsj_0039,0,13,Avenue,NNP,*))),-,-,-,-,*),*,*),-
nw/wsj/00/wsj_0039,0,14,populated,VBN,(VP*,populate,01,1,-,*,*,(V*),-
nw/wsj/00/wsj_0039,0,15,by,IN,(PP*,-,-,-,-,*,*,(ARG2*,-
nw/wsj/00/wsj_0039,0,16,jugglers,NNS,(NP(NP*),-,-,-,-,*,*,*,-
nw/wsj/00/wsj_0039,0,17,,,,,*,-,-,-,-,*,*,*,-
nw/wsj/00/wsj_0039,0,18,magicians,NNS,(NP*),-,-,-,-,*,*,*,-
nw/wsj/00/wsj_0039,0,19,and,CC,*,-,-,-,-,*,*,*,-
nw/wsj/00/wsj_0039,0,20,other,JJ,(NP*,-,-,-,-,*,*,*,-
nw/wsj/00/wsj_0039,0,21,good,JJ,(ADJP*,-,-,-,-,*,*,*,-
nw/wsj/00/wsj_0039,0,22,-,HYPH,*,-,-,-,-,*,*,*,-
nw/wsj/00/wsj_0039,0,23,natured,JJ,*),-,-,-,-,*,*,*,-
nw/wsj/00/wsj_0039,0,24,hustlers,NNS,*))))))),-,-,-,-,*,*),*),-
nw/wsj/00/wsj_0039,0,25,.,.,*)),-,-,-,-,*,*,*,-

nw/wsj/00/wsj_0039,0,0,-LRB-,-LRB-,(TOP(S*,-,-,-,-,*,*,*,*,-
nw/wsj/00/wsj_0039,0,1,This,DT,(NP(NP*)),-,-,-,-,*,(ARG1*),*,*,-
nw/wsj/00/wsj_0039,0,2,clearly,RB,(ADVP*),-,-,-,-,*,(ARGM-ADV*),*,*,-
nw/wsj/00/wsj_0039,0,3,is,VBZ,(VP*,be,01,-,-,*,(V*),*,*,-
nw/wsj/00/wsj_0039,0,4,not,RB,*,-,-,-,-,*,(ARGM-NEG*),*,*,-
nw/wsj/00/wsj_0039,0,5,real,JJ,(NP*,-,-,-,-,*,(ARG2*,*,*,-
nw/wsj/00/wsj_0039,0,6,life,NN,*),-,-,-,-,*,*),*,*,-
nw/wsj/00/wsj_0039,0,7,:,:,*,-,-,-,-,*,*,*,*,-
nw/wsj/00/wsj_0039,0,8,no,DT,(NP(NP*,-,-,-,-,*,(C-ARG1*,*,*,-
nw/wsj/00/wsj_0039,0,9,crack,NN,*,-,-,-,-,*,*,*,*,-
nw/wsj/00/wsj_0039,0,10,dealers,NNS,*),-,-,-,-,*,*,*,*,-
nw/wsj/00/wsj_0039,0,11,,,,,*,-,-,-,-,*,*,*,*,-
nw/wsj/00/wsj_0039,0,12,no,DT,(NP(NP*,-,-,-,-,*,*,(ARG0*,*,-
nw/wsj/00/wsj_0039,0,13,dead,JJ,(ADJP*,-,-,-,-,*,*,*,*,-
nw/wsj/00/wsj_0039,0,14,-,HYPH,*,-,-,-,-,*,*,*,*,-
nw/wsj/00/wsj_0039,0,15,eyed,JJ,*),-,-,-,-,*,*,*,*,-
nw/wsj/00/wsj_0039,0,16,men,NNS,*),-,-,-,-,*,*,*),*,-
nw/wsj/00/wsj_0039,0,17,selling,VBG,(VP*,sell,01,-,-,*,*,(V*),*,-
nw/wsj/00/wsj_0039,0,18,four,CD,(NP(NP(ADJP(NML*,-,-,-,-,(DATE*,*,(ARG1*,*,-
nw/wsj/00/wsj_0039,0,19,-,HYPH,*,-,-,-,-,*,*,*,*,-
nw/wsj/00/wsj_0039,0,20,year,NN,*),-,-,-,-,*,*,*,*,-
nw/wsj/00/wsj_0039,0,21,-,HYPH,*,-,-,-,-,*,*,*,*,-
nw/wsj/00/wsj_0039,0,22,old,JJ,*),-,-,-,-,*),*,*,*,-
nw/wsj/00/wsj_0039,0,23,copies,NNS,*),-,-,-,-,*,*,*,*,-
nw/wsj/00/wsj_0039,0,24,of,IN,(PP*,-,-,-,-,*,*,*,*,-
nw/wsj/00/wsj_0039,0,25,Cosmopolitan,NNP,(NP*))))),-,-,-,-,(ORG),*,*),*,-
nw/wsj/00/wsj_0039,0,26,,,,,*,-,-,-,-,*,*,*,*,-
nw/wsj/00/wsj_0039,0,27,no,DT,(NP(NP*,-,-,-,-,*,*,*,(ARG1*,-
nw/wsj/00/wsj_0039,0,28,one,PRP,*),-,-,-,-,*,*,*,*),-
nw/wsj/00/wsj_0039,0,29,curled,VBD,(VP*,curl,02,1,-,*,*,*,(V*),-
nw/wsj/00/wsj_0039,0,30,up,RP,(PRT*),-,-,-,-,*,*,*,*,-
nw/wsj/00/wsj_0039,0,31,in,IN,(PP*,-,-,-,-,*,*,*,(ARGM-LOC*,-
nw/wsj/00/wsj_0039,0,32,a,DT,(NP*,-,-,-,-,*,*,*,*,-
nw/wsj/00/wsj_0039,0,33,cardboard,NN,*,-,-,-,-,*,*,*,*,-
nw/wsj/00/wsj_0039,0,34,box,NN,*)))))),-,-,-,-,*,*),*,*),-
nw/wsj/00/wsj_0039,0,35,.,.,*,-,-,-,-,*,*,*,*,-
nw/wsj/00/wsj_0039,0,36,-RRB-,-RRB-,*)),-,-,-,-,*,*,*,*,-

nw/wsj/00/wsj_0039,0,0,The,DT,(TOP(S(NP*,-,-,-,-,*,(ARG0*,-
nw/wsj/00/wsj_0039,0,1,Artist,NNP,*),-,-,-,-,*,*),-
nw/wsj/00/wsj_0039,0,2,has,VBZ,(VP*,have,03,-,-,*,(V*),-
nw/wsj/00/wsj_0039,0,3,his,PRP$,(NP*,-,-,-,-,*,(ARG1*,-
nw/wsj/00/wsj_0039,0,4,routine,NN,*)),-,-,-,-,*,*),-
nw/wsj/00/wsj_0039,0,5,.,.,*)),-,-,-,-,*,*,-

nw/wsj/00/wsj_0039,0,0,He,PRP,(TOP(S(NP*),-,-,-,-,*,(ARG0*),(ARG0*),(ARG0*),-
nw/wsj/00/wsj_0039,0,1,spends,VBZ,(VP*,spend,02,-,-,*,(V*),*,*,-
nw/wsj/00/wsj_0039,0,2,his,PRP$,(NP*,-,-,-,-,(DATE*,(ARG1*,*,*,-
nw/wsj/00/wsj_0039,0,3,days,NNS,*),-,-,-,-,*),*),*,*,-
nw/wsj/00/wsj_0039,0,4,sketching,VBG,(S(S(VP*,sketch,01,-,-,*,(ARG2*,(V*),*,-
nw/wsj/00/wsj_0039,0,5,passers,NNS,(NP*,-,-,-,-,*,*,(ARG1*,*,-
nw/wsj/00/wsj_0039,0,6,-,HYPH,*,-,-,-,-,*,*,*,*,-
nw/wsj/00/wsj_0039,0,7,by,RP,*))),-,-,-,-,*,*,*),*,-
nw/wsj/00/wsj_0039,0,8,,,,,*,-,-,-,-,*,*,*,*,-
nw/wsj/00/wsj_0039,0,9,or,CC,*,-,-,-,-,*,*,*,*,-
nw/wsj/00/wsj_0039,0,10,trying,VBG,(S(VP*,try,01,-,-,*,*,*,(V*),-
nw/wsj/00/wsj_0039,0,11,to,TO,(S(VP*)))))),-,-,-,-,*,*),*,(ARG1*),-
nw/wsj/00/wsj_0039,0,12,.,.,*)),-,-,-,-,*,*,*,*,-

nw/wsj/00/wsj_0039,0,0,At,IN,(TOP(S(PP*,-,-,-,-,*,(ARGM-TMP*,*,*,-
nw/wsj/00/wsj_0039,0,1,night,NN,(NP*)),-,-,-,-,(TIME),*),*,*,-
nw/wsj/00/wsj_0039,0,2,he,PRP,(NP*),-,-,-,-,*,(ARG1*),*,*,-
nw/wsj/00/wsj_0039,0,3,returns,VBZ,(VP*,return,01,-,-,*,(V*),*,*,-
nw/wsj/00/wsj_0039,0,4,to,IN,(PP*,-,-,-,-,*,(ARG4*,*,*,-
nw/wsj/00/wsj_0039,0,5,the,DT,(NP(NP*,-,-,-,-,*,*,*,(ARG1*,-
nw/wsj/00/wsj_0039,0,6,condemned,VBN,*,condemn,01,-,-,*,*,(V*),*,-
nw/wsj/00/wsj_0039,0,7,building,NN,*),-,-,-,-,*,*,(ARG1*),*),-
nw/wsj/00/wsj_0039,0,8,he,PRP,(SBAR(S(NP*),-,-,-,-,*,*,*,(ARG0*),-
nw/wsj/00/wsj_0039,0,9,calls,VBZ,(VP*,call,01,-,-,*,*,*,(V*),-
nw/wsj/00/wsj_0039,0,10,home,NN,(S(NP*)))))))),-,-,-,-,*,*),*,(ARG2*),-
nw/wsj/00/wsj_0039,0,11,.,.,*)),-,-,-,-,*,*,*,*,-

nw/wsj/00/wsj_0039,0,0,His,PRP$,(TOP(S(NP(NP*,-,-,-,-,*,*,*,-
nw/wsj/00/wsj_0039,0,1,life,NN,*),-,-,-,-,*,*,*,-
nw/wsj/00/wsj_0039,0,2,,,,,*,-,-,-,-,*,*,*,-
nw/wsj/00/wsj_0039,0,3,including,VBG,(PP*,-,-,-,-,*,*,*,-
nw/wsj/00/wsj_0039,0,4,his,PRP$,(NP(NP*,-,-,-,-,*,*,*,-
nw/wsj/00/wsj_0039,0,5,skirmishes,NNS,*),-,-,-,-,*,*,*,-
nw/wsj/00/wsj_0039,0,6,with,IN,(PP*,-,-,-,-,*,*,*,-
nw/wsj/00/wsj_0039,0,7,a,DT,(NP*,-,-,-,-,*,*,*,-
nw/wsj/00/wsj_0039,0,8,competing,VBG,*,compete,01,1,-,*,(V*),*,-
nw/wsj/00/wsj_0039,0,9,sketch,NN,*,-,-,-,-,*,(ARG0*,*,-
nw/wsj/00/wsj_0039,0,10,artist,NN,*)))),-,-,-,-,*,*),*,-
nw/wsj/00/wsj_0039,0,11,,,,,*),-,-,-,-,*,*,*,-
nw/wsj/00/wsj_0039,0,12,seems,VBZ,(VP*,seem,01,1,-,*,*,(V*),-
nw/wsj/00/wsj_0039,0,13,carefree,JJ,(S(ADJP*))),-,-,-,-,*,*,(ARG1*),-
nw/wsj/00/wsj_0039,0,14,.,.,*)),-,-,-,-,*,*,*,-

nw/wsj/00/wsj_0039,0,0,He,PRP,(TOP(S(NP*),-,-,-,-,*,(ARG1*),-
nw/wsj/00/wsj_0039,0,1,is,VBZ,(VP*,be,01,-,-,*,(V*),-
nw/wsj/00/wsj_0039,0,2,his,PRP$,(NP*,-,-,-,-,*,(ARG2*,-
nw/wsj/00/wsj_0039,0,3,own,JJ,*,-,-,-,-,*,*,-
nw/wsj/00/wsj_0039,0,4,man,NN,*)),-,-,-,-,*,*),-
nw/wsj/00/wsj_0039,0,5,.,.,*)),-,-,-,-,*,*,-

nw/wsj/00/wsj_0039,0,0,Then,RB,(TOP(S(ADVP*),-,-,-,-,*,*,*,(ARGM-TMP*),*,*,-
nw/wsj/00/wsj_0039,0,1,,,,,*,-,-,-,-,*,*,*,*,*,*,-
nw/wsj/00/wsj_0039,0,2,just,RB,(SBAR(ADVP*),-,-,-,-,*,*,*,(ARGM-MNR*,*,*,-
nw/wsj/00/wsj_0039,0,3,as,IN,*,-,-,-,-,*,*,*,*,*,*,-
nw/wsj/00/wsj_0039,0,4,the,DT,(S(NP*,-,-,-,-,*,(ARG2*,(ARG0*,*,*,*,-
nw/wsj/00/wsj_0039,0,5,Tramp,NNP,*),-,-,-,-,(PERSON),*),*),*,*,*,-
nw/wsj/00/wsj_0039,0,6,is,VBZ,(VP*,-,-,-,-,*,*,*,*,*,*,-
nw/wsj/00/wsj_0039,0,7,given,VBN,(VP*,give,01,-,-,*,(V*),*,*,*,*,-
nw/wsj/00/wsj_0039,0,8,a,DT,(NP(NP*,-,-,-,-,*,(ARG1*,(ARG1*,*,*,*,-
nw/wsj/00/wsj_0039,0,9,blind,JJ,*,-,-,-,-,*,*,*,*,*,*,-
nw/wsj/00/wsj_0039,0,10,girl,NN,*),-,-,-,-,*,*,*),*,*,*,-
nw/wsj/00/wsj_0039,0,11,to,TO,(SBAR(S(VP*,-,-,-,-,*,*,*,*,*,*,-
nw/wsj/00/wsj_0039,0,12,cure,VB,(VP*))))),cure,01,1,-,*,*),(V*),*,*,*,-
nw/wsj/00/wsj_0039,0,13,in,IN,(PP*,-,-,-,-,*,(ARGM-LOC*,*,*,*,*,-
nw/wsj/00/wsj_0039,0,14,``,``,*,-,-,-,-,*,*,*,*,*,*,-
nw/wsj/00/wsj_0039,0,15,City,NNP,(NP*,-,-,-,-,(WORK_OF_ART*,*,*,*,*,*,-
nw/wsj/00/wsj_0039,0,16,Lights,NNP,*)))))),-,-,-,-,*),*),*,*),*,*,-
nw/wsj/00/wsj_0039,0,17,,,,,*,-,-,-,-,*,*,*,*,*,*,-
nw/wsj/00/wsj_0039,0,18,'','',*,-,-,-,-,*,*,*,*,*,*,-
nw/wsj/00/wsj_0039,0,19,the,DT,(NP*,-,-,-,-,*,*,*,(ARG1*,(ARG0*,*,-
nw/wsj/00/wsj_0039,0,20,Artist,NNP,*),-,-,-,-,*,*,*,*),*),*,-
nw/wsj/00/wsj_0039,0,21,is,VBZ,(VP*,-,-,-,-,*,*,*,*,*,*,-
nw/wsj/00/wsj_0039,0,22,put,VBN,(VP*,put,03,-,-,*,*,*,(V*),*,*,-
nw/wsj/00/wsj_0039,0,23,in,IN,(PP*,-,-,-,-,*,*,*,(ARG2*,*,*,-
nw/wsj/00/wsj_0039,0,24,charge,NN,(NP(NP*),-,-,-,-,*,*,*,*,*,*,-
nw/wsj/00/wsj_0039,0,25,of,IN,(PP*,-,-,-,-,*,*,*,*,*,*,-
nw/wsj/00/wsj_0039,0,26,returning,VBG,(S(VP*,return,02,-,-,*,*,*,*,(V*),*,-
nw/wsj/00/wsj_0039,0,27,a,DT,(NP(NP(NP*,-,-,-,-,*,*,*,*,(ARG1*,*,-
nw/wsj/00/wsj_0039,0,28,two,CD,(ADJP(NML*,-,-,-,-,(DATE*,*,*,*,*,*,-
nw/wsj/00/wsj_0039,0,29,-,HYPH,*,-,-,-,-,*,*,*,*,*,*,-
nw/wsj/00/wsj_0039,0,30,year,NN,*),-,-,-,-,*,*,*,*,*,*,-
nw/wsj/00/wsj_0039,0,31,-,HYPH,*,-,-,-,-,*,*,*,*,*,*,-
nw/wsj/00/wsj_0039,0,32,old,JJ,*),-,-,-,-,*),*,*,*,*,*,-
nw/wsj/00/wsj_0039,0,33,waif,NN,*),-,-,-,-,*,*,*,*,*,*,-
nw/wsj/00/wsj_0039,0,34,-LRB-,-LRB-,*,-,-,-,-,*,*,*,*,*,*,-
nw/wsj/00/wsj_0039,0,35,Nicole,NNP,(NP*,-,-,-,-,(PERSON*,*,*,*,*,*,-
nw/wsj/00/wsj_0039,0,36,Alysia,NNP,*),-,-,-,-,*),*,*,*,*,*,-
nw/wsj/00/wsj_0039,0,37,-RRB-,-RRB-,*),-,-,-,-,*,*,*,*,*,*,-
nw/wsj/00/wsj_0039,0,38,,,,,*,-,-,-,-,*,*,*,*,*,*,-
nw/wsj/00/wsj_0039,0,39,whose,WP$,(SBAR(WHNP*,-,-,-,-,*,*,*,*,*,(ARG1*,-
nw/wsj/00/wsj_0039,0,40,father,NN,(NP*)),-,-,-,-,*,*,*,*,*,*),-
nw/wsj/00/wsj_0039,0,41,has,VBZ,(S(VP*,-,-,-,-,*,*,*,*,*,*,-
nw/wsj/00/wsj_0039,0,42,been,VBN,(VP*,-,-,-,-,*,*,*,*,*,*,-
nw/wsj/00/wsj_0039,0,43,murdered,VBN,(VP*,murder,01,1,-,*,*,*,*,*,(V*),-
nw/wsj/00/wsj_0039,0,44,by,IN,(PP*,-,-,-,-,*,*,*,*,*,(ARG0*,-
nw/wsj/00/wsj_0039,0,45,thugs,NNS,(NP*))))))),-,-,-,-,*,*,*,*,*,*),-
nw/wsj/00/wsj_0039,0,46,,,,,*),-,-,-,-,*,*,*,*,*),*,-
nw/wsj/00/wsj_0039,0,47,to,IN,(PP*,-,-,-,-,*,*,*,*,(ARG2*,*,-
nw/wsj/00/wsj_0039,0,48,her,PRP$,(NP*,-,-,-,-,*,*,*,*,*,*,-
nw/wsj/00/wsj_0039,0,49,mother,NN,*))))))))),-,-,-,-,*,*,*,*),*),*,-
nw/wsj/00/wsj_0039,0,50,.,.,*)),-,-,-,-,*,*,*,*,*,*,-

nw/wsj/00/wsj_0039,0,0,This,DT,(TOP(S(NP*,-,-,-,-,*,(ARG1*,(ARG1*,-
nw/wsj/00/wsj_0039,0,1,cute,JJ,*,-,-,-,-,*,*,*,-
nw/wsj/00/wsj_0039,0,2,child,NN,*),-,-,-,-,*,*),*),-
nw/wsj/00/wsj_0039,0,3,turns,VBZ,(VP*,turn,11,-,-,*,(V*),*,-
nw/wsj/00/wsj_0039,0,4,out,RP,(PRT*),-,-,-,-,*,*,*,-
nw/wsj/00/wsj_0039,0,5,to,TO,(S(VP*,-,-,-,-,*,(C-ARG1*,*,-
nw/wsj/00/wsj_0039,0,6,be,VB,(VP*,be,01,-,-,*,*,(V*),-
nw/wsj/00/wsj_0039,0,7,a,DT,(NP(NP*,-,-,-,-,*,*,(ARG2*,-
nw/wsj/00/wsj_0039,0,8,blessing,NN,*),-,-,-,-,*,*,*,-
nw/wsj/00/wsj_0039,0,9,and,CC,*,-,-,-,-,*,*,*,-
nw/wsj/00/wsj_0039,0,10,a,DT,(NP*,-,-,-,-,*,*,*,-
nw/wsj/00/wsj_0039,0,11,curse,NN,*)))))),-,-,-,-,*,*),*),-
nw/wsj/00/wsj_0039,0,12,.,.,*)),-,-,-,-,*,*,*,-

nw/wsj/00/wsj_0039,0,0,She,PRP,(TOP(S(NP*),-,-,-,-,*,(ARG0*),(ARG0*),-
nw/wsj/00/wsj_0039,0,1,gives,VBZ,(VP(VP*,give,01,-,-,*,(V*),*,-
nw/wsj/00/wsj_0039,0,2,the,DT,(NP*,-,-,-,-,*,(ARG2*,*,-
nw/wsj/00/wsj_0039,0,3,Artist,NNP,*),-,-,-,-,*,*),*,-
nw/wsj/00/wsj_0039,0,4,a,DT,(NP(NP*,-,-,-,-,*,(ARG1*,*,-
nw/wsj/00/wsj_0039,0,5,sense,NN,*),-,-,-,-,*,*,*,-
nw/wsj/00/wsj_0039,0,6,of,IN,(PP*,-,-,-,-,*,*,*,-
nw/wsj/00/wsj_0039,0,7,purpose,NN,(NP*)))),-,-,-,-,*,*),*,-
nw/wsj/00/wsj_0039,0,8,,,,,*,-,-,-,-,*,*,*,-
nw/wsj/00/wsj_0039,0,9,but,CC,*,-,-,-,-,*,*,*,-
nw/wsj/00/wsj_0039,0,10,also,RB,(ADVP*),-,-,-,-,*,*,(ARGM-DIS*),-
nw/wsj/00/wsj_0039,0,11,alerts,VBZ,(VP*,alert,01,1,-,*,*,(V*),-
nw/wsj/00/wsj_0039,0,12,him,PRP,(NP*),-,-,-,-,*,*,(ARG1*),-
nw/wsj/00/wsj_0039,0,13,to,IN,(PP*,-,-,-,-,*,*,(ARG2*,-
nw/wsj/00/wsj_0039,0,14,the,DT,(NP(NP*,-,-,-,-,*,*,*,-
nw/wsj/00/wsj_0039,0,15,serious,JJ,*,-,-,-,-,*,*,*,-
nw/wsj/00/wsj_0039,0,16,inadequacy,NN,*),-,-,-,-,*,*,*,-
nw/wsj/00/wsj_0039,0,17,of,IN,(PP*,-,-,-,-,*,*,*,-
nw/wsj/00/wsj_0039,0,18,his,PRP$,(NP*,-,-,-,-,*,*,*,-
nw/wsj/00/wsj_0039,0,19,vagrant,JJ,*,-,-,-,-,*,*,*,-
nw/wsj/00/wsj_0039,0,20,life,NN,*)))))),-,-,-,-,*,*,*),-
nw/wsj/00/wsj_0039,0,21,.,.,*)),-,-,-,-,*,*,*,-

nw/wsj/00/wsj_0039,0,0,The,DT,(TOP(S(NP(NP*,-,-,-,-,*,*,*,*,-
nw/wsj/00/wsj_0039,0,1,beds,NNS,*),-,-,-,-,*,*,*,*,-
nw/wsj/00/wsj_0039,0,2,at,IN,(PP*,-,-,-,-,*,*,*,*,-
nw/wsj/00/wsj_0039,0,3,the,DT,(NP*,-,-,-,-,(ORG*,*,*,*,-
nw/wsj/00/wsj_0039,0,4,Bowery,NNP,*,-,-,-,-,*,*,*,*,-
nw/wsj/00/wsj_0039,0,5,Mission,NNP,*))),-,-,-,-,*),*,*,*,-
nw/wsj/00/wsj_0039,0,6,seem,VBP,(VP*,seem,01,1,-,*,(V*),*,*,-
nw/wsj/00/wsj_0039,0,7,far,JJ,(S(ADJP*,-,-,-,-,*,(ARG1*,*,*,-
nw/wsj/00/wsj_0039,0,8,drearier,RBR,*)),-,-,-,-,*,*),*,*,-
nw/wsj/00/wsj_0039,0,9,when,WRB,(SBAR(WHADVP*),-,-,-,-,*,(ARGM-TMP*,*,(ARGM-TMP*),-
nw/wsj/00/wsj_0039,0,10,he,PRP,(S(NP*),-,-,-,-,*,*,*,(ARG0*),-
nw/wsj/00/wsj_0039,0,11,has,VBZ,(VP*,have,02,-,-,*,*,(V*),*,-
nw/wsj/00/wsj_0039,0,12,to,TO,(S(VP*,-,-,-,-,*,*,*,*,-
nw/wsj/00/wsj_0039,0,13,tuck,VB,(VP*,tuck,01,2,-,*,*,*,(V*),-
nw/wsj/00/wsj_0039,0,14,a,DT,(NP*,-,-,-,-,*,*,*,(ARG1*,-
nw/wsj/00/wsj_0039,0,15,little,JJ,*,-,-,-,-,*,*,*,*,-
nw/wsj/00/wsj_0039,0,16,girl,NN,*),-,-,-,-,*,*,*,*),-
nw/wsj/00/wsj_0039,0,17,into,IN,(PP*,-,-,-,-,*,*,*,(ARG2*,-
nw/wsj/00/wsj_0039,0,18,one,CD,(NP(NP*),-,-,-,-,*,*,*,*,-
nw/wsj/00/wsj_0039,0,19,of,IN,(PP*,-,-,-,-,*,*,*,*,-
nw/wsj/00/wsj_0039,0,20,them,PRP,(NP*)))),-,-,-,-,*,*,*,*),-
nw/wsj/00/wsj_0039,0,21,at,IN,(PP*,-,-,-,-,*,*,*,(ARGM-TMP*,-
nw/wsj/00/wsj_0039,0,22,night,NN,(NP*))))))))),-,-,-,-,(TIME),*),*,*),-
nw/wsj/00/wsj_0039,0,23,.,.,*)),-,-,-,-,*,*,*,*,-

nw/wsj/00/wsj_0039,0,0,To,TO,(TOP(S(S(VP*,-,-,-,-,*,*,(R-ARG0*,*,*,-
nw/wsj/00/wsj_0039,0,1,further,RBR,(ADVP*),-,-,-,-,*,(ARGM-MNR*),*,*,*,-
nw/wsj/00/wsj_0039,0,2,load,VB,(VP*,load,01,1,-,*,(V*),*,*,*,-
nw/wsj/00/wsj_0039,0,3,the,DT,(NP*,-,-,-,-,*,(ARG1*,*,*,*,-
nw/wsj/00/wsj_0039,0,4,stakes,NNS,*)))),-,-,-,-,*,*),*),*,*,-
nw/wsj/00/wsj_0039,0,5,,,,,*,-,-,-,-,*,*,*,*,*,-
nw/wsj/00/wsj_0039,0,6,Mr.,NNP,(NP*,-,-,-,-,*,(ARG0*,(ARG0*,*,*,-
nw/wsj/00/wsj_0039,0,7,Lane,NNP,*),-,-,-,-,(PERSON),*),*),*,*,-
nw/wsj/00/wsj_0039,0,8,dreamed,VBD,(VP*,dream,02,3,-,*,*,(V*),*,*,-
nw/wsj/00/wsj_0039,0,9,up,RP,(PRT*),-,-,-,-,*,*,*,*,*,-
nw/wsj/00/wsj_0039,0,10,a,DT,(NP(NP*,-,-,-,-,*,*,(ARG1*,*,*,-
nw/wsj/00/wsj_0039,0,11,highly,RB,(ADJP*,-,-,-,-,*,*,*,*,*,-
nw/wsj/00/wsj_0039,0,12,improbable,JJ,*),-,-,-,-,*,*,*,*,*,-
nw/wsj/00/wsj_0039,0,13,romance,NN,*),-,-,-,-,*,*,*,*,*,-
nw/wsj/00/wsj_0039,0,14,for,IN,(PP*,-,-,-,-,*,*,*,*,*,-
nw/wsj/00/wsj_0039,0,15,the,DT,(NP*,-,-,-,-,*,*,*,*,*,-
nw/wsj/00/wsj_0039,0,16,Artist,NNP,*)),-,-,-,-,*,*,*,*,*,-
nw/wsj/00/wsj_0039,0,17,,,,,*,-,-,-,-,*,*,*,*,*,-
nw/wsj/00/wsj_0039,0,18,with,IN,(PP*,-,-,-,-,*,*,*,*,*,-
nw/wsj/00/wsj_0039,0,19,a,DT,(NP(NP*,-,-,-,-,*,*,*,(ARG0*,(ARG0*,-
nw/wsj/00/wsj_0039,0,20,young,JJ,*,-,-,-,-,*,*,*,*,*,-
nw/wsj/00/wsj_0039,0,21,woman,NN,*),-,-,-,-,*,*,*,*),*),-
nw/wsj/00/wsj_0039,0,22,who,WP,(SBAR(SBAR(WHNP*),-,-,-,-,*,*,*,(R-ARG0*),*,-
nw/wsj/00/wsj_0039,0,23,owns,VBZ,(S(VP*,own,01,-,-,*,*,*,(V*),*,-
nw/wsj/00/wsj_0039,0,24,her,PRP$,(NP*,-,-,-,-,*,*,*,(ARG1*,*,-
nw/wsj/00/wsj_0039,0,25,own,JJ,*,-,-,-,-,*,*,*,*,*,-
nw/wsj/00/wsj_0039,0,26,children,NNS,(NP*,-,-,-,-,*,*,*,*,*,-
nw/wsj/00/wsj_0039,0,27,'s,POS,*),-,-,-,-,*,*,*,*,*,-
nw/wsj/00/wsj_0039,0,28,shop,NN,*)))),-,-,-,-,*,*,*,*),*,-
nw/wsj/00/wsj_0039,0,29,and,CC,*,-,-,-,-,*,*,*,*,*,-
nw/wsj/00/wsj_0039,0,30,who,WP,(SBAR(WHNP*),-,-,-,-,*,*,*,*,(R-ARG0*),-
nw/wsj/00/wsj_0039,0,31,lives,VBZ,(S(VP*,live,01,-,-,*,*,*,*,(V*),-
nw/wsj/00/wsj_0039,0,32,in,IN,(PP*,-,-,-,-,*,*,*,*,(ARGM-LOC*,-
nw/wsj/00/wsj_0039,0,33,an,DT,(NP*,-,-,-,-,*,*,*,*,*,-
nw/wsj/00/wsj_0039,0,34,expensive,JJ,*,-,-,-,-,*,*,*,*,*,-
nw/wsj/00/wsj_0039,0,35,high,JJ,(NML*,-,-,-,-,*,*,*,*,*,-
nw/wsj/00/wsj_0039,0,36,-,HYPH,*,-,-,-,-,*,*,*,*,*,-
nw/wsj/00/wsj_0039,0,37,rise,NN,*),-,-,-,-,*,*,*,*,*,-
nw/wsj/00/wsj_0039,0,38,apartment,NN,*,-,-,-,-,*,*,*,*,*,-
nw/wsj/00/wsj_0039,0,39,building,NN,*)))))))))),-,-,-,-,*,*,*),*,*),-
nw/wsj/00/wsj_0039,0,40,.,.,*)),-,-,-,-,*,*,*,*,*,-

nw/wsj/00/wsj_0039,0,0,This,DT,(TOP(S(NP*,-,-,-,-,*,(ARG1*,*,-
nw/wsj/00/wsj_0039,0,1,story,NN,*,-,-,-,-,*,*,*,-
nw/wsj/00/wsj_0039,0,2,line,NN,*),-,-,-,-,*,*),*,-
nw/wsj/00/wsj_0039,0,3,might,MD,(VP*,-,-,-,-,*,(ARGM-MOD*),*,-
nw/wsj/00/wsj_0039,0,4,resonate,VB,(VP*,resonate,01,-,-,*,(V*),*,-
nw/wsj/00/wsj_0039,0,5,more,RBR,(ADVP*,-,-,-,-,*,(ARGM-MNR*,*,-
nw/wsj/00/wsj_0039,0,6,strongly,RB,*),-,-,-,-,*,*),*,-
nw/wsj/00/wsj_0039,0,7,if,IN,(SBAR*,-,-,-,-,*,(ARGM-ADV*,*,-
nw/wsj/00/wsj_0039,0,8,Mr.,NNP,(S(NP*,-,-,-,-,*,*,(ARG0*,-
nw/wsj/00/wsj_0039,0,9,Lane,NNP,*),-,-,-,-,(PERSON),*,*),-
nw/wsj/00/wsj_0039,0,10,had,VBD,(VP*,have,03,-,-,*,*,(V*),-
nw/wsj/00/wsj_0039,0,11,as,RB,(NP(NP(NP(ADJP*,-,-,-,-,*,*,(ARG1*,-
nw/wsj/00/wsj_0039,0,12,strong,JJ,*),-,-,-,-,*,*,*,-
nw/wsj/00/wsj_0039,0,13,a,DT,*,-,-,-,-,*,*,*,-
nw/wsj/00/wsj_0039,0,14,presence,NN,*),-,-,-,-,*,*,*,-
nw/wsj/00/wsj_0039,0,15,in,IN,(PP*,-,-,-,-,*,*,*,-
nw/wsj/00/wsj_0039,0,16,front,NN,(NP(NP*),-,-,-,-,*,*,*,-
nw/wsj/00/wsj_0039,0,17,of,IN,(PP*,-,-,-,-,*,*,*,-
nw/wsj/00/wsj_0039,0,18,the,DT,(NP*,-,-,-,-,*,*,*,-
nw/wsj/00/wsj_0039,0,19,camera,NN,*))))),-,-,-,-,*,*,*,-
nw/wsj/00/wsj_0039,0,20,as,IN,(SBAR*,-,-,-,-,*,*,*,-
nw/wsj/00/wsj_0039,0,21,he,PRP,(S(NP*),-,-,-,-,*,*,*,-
nw/wsj/00/wsj_0039,0,22,does,VBZ,(VP*,-,-,-,-,*,*,*,-
nw/wsj/00/wsj_0039,0,23,behind,IN,(VP(PP*,-,-,-,-,*,*,*,-
nw/wsj/00/wsj_0039,0,24,it,PRP,(NP*)))))))))))),-,-,-,-,*,*),*),-
nw/wsj/00/wsj_0039,0,25,.,.,*)),-,-,-,-,*,*,*,-

nw/wsj/00/wsj_0039,0,0,Mr.,NNP,(TOP(S(NP(NP*,-,-,-,-,*,(ARG1*,*,-
nw/wsj/00/wsj_0039,0,1,Lane,NNP,*,-,-,-,-,(PERSON),*,*,-
nw/wsj/00/wsj_0039,0,2,'s,POS,*),-,-,-,-,*,*,*,-
nw/wsj/00/wsj_0039,0,3,final,JJ,*,-,-,-,-,*,*,*,-
nw/wsj/00/wsj_0039,0,4,purpose,NN,*),-,-,-,-,*,*),*,-
nw/wsj/00/wsj_0039,0,5,is,VBZ,(VP*,be,01,-,-,*,(V*),*,-
nw/wsj/00/wsj_0039,0,6,n't,RB,*,-,-,-,-,*,(ARGM-NEG*),*,-
nw/wsj/00/wsj_0039,0,7,to,TO,(S(VP*,-,-,-,-,*,(ARG2*,*,-
nw/wsj/00/wsj_0039,0,8,glamorize,VB,(VP*,glamorize,01,-,-,*,*,(V*),-
nw/wsj/00/wsj_0039,0,9,the,DT,(NP(NP*,-,-,-,-,*,*,(ARG1*,-
nw/wsj/00/wsj_0039,0,10,Artist,NNP,*,-,-,-,-,*,*,*,-
nw/wsj/00/wsj_0039,0,11,'s,POS,*),-,-,-,-,*,*,*,-
nw/wsj/00/wsj_0039,0,12,vagabond,NN,*,-,-,-,-,*,*,*,-
nw/wsj/00/wsj_0039,0,13,existence,NN,*))))),-,-,-,-,*,*),*),-
nw/wsj/00/wsj_0039,0,14,.,.,*)),-,-,-,-,*,*,*,-

nw/wsj/00/wsj_0039,0,0,He,PRP,(TOP(S(S(NP*),-,-,-,-,*,(ARG0*),*,*,*,-
nw/wsj/00/wsj_0039,0,1,has,VBZ,(VP*,have,03,-,-,*,(V*),*,*,*,-
nw/wsj/00/wsj_0039,0,2,a,DT,(NP(NP*,-,-,-,-,*,(ARG1*,*,(ARG1*,*,-
nw/wsj/00/wsj_0039,0,3,point,NN,*),-,-,-,-,*,*,*,*),*,-
nw/wsj/00/wsj_0039,0,4,he,PRP,(SBAR(S(NP*),-,-,-,-,*,*,(ARG0*),(ARG0*),*,-
nw/wsj/00/wsj_0039,0,5,wants,VBZ,(VP*,want,01,-,-,*,*,(V*),*,*,-
nw/wsj/00/wsj_0039,0,6,to,TO,(S(VP*,-,-,-,-,*,*,(ARG1*,*,*,-
nw/wsj/00/wsj_0039,0,7,make,VB,(VP*))))))))),make,01,-,-,*,*),*),(V*),*,-
nw/wsj/00/wsj_0039,0,8,,,,,*,-,-,-,-,*,*,*,*,*,-
nw/wsj/00/wsj_0039,0,9,and,CC,*,-,-,-,-,*,*,*,*,*,-
nw/wsj/00/wsj_0039,0,10,he,PRP,(S(NP*),-,-,-,-,*,*,*,*,(ARG0*),-
nw/wsj/00/wsj_0039,0,11,makes,VBZ,(VP*,make,01,-,-,*,*,*,*,(V*),-
nw/wsj/00/wsj_0039,0,12,it,PRP,(NP*),-,-,-,-,*,*,*,*,(ARG1*),-
nw/wsj/00/wsj_0039,0,13,,,,,*,-,-,-,-,*,*,*,*,*,-
nw/wsj/00/wsj_0039,0,14,with,IN,(PP*,-,-,-,-,*,*,*,*,(ARGM-MNR*,-
nw/wsj/00/wsj_0039,0,15,a,DT,(NP(NP*,-,-,-,-,*,*,*,*,*,-
nw/wsj/00/wsj_0039,0,16,great,JJ,*,-,-,-,-,*,*,*,*,*,-
nw/wsj/00/wsj_0039,0,17,deal,NN,*),-,-,-,-,*,*,*,*,*,-
nw/wsj/00/wsj_0039,0,18,of,IN,(PP*,-,-,-,-,*,*,*,*,*,-
nw/wsj/00/wsj_0039,0,19,force,NN,(NP*)))))),-,-,-,-,*,*,*,*,*),-
nw/wsj/00/wsj_0039,0,20,.,.,*)),-,-,-,-,*,*,*,*,*,-

nw/wsj/00/wsj_0039,0,0,The,DT,(TOP(S(S(NP*,-,-,-,-,*,(ARG1*,*,*,-
nw/wsj/00/wsj_0039,0,1,movie,NN,*),-,-,-,-,*,*),*,*,-
nw/wsj/00/wsj_0039,0,2,ends,VBZ,(VP*,end,01,-,-,*,(V*),*,*,-
nw/wsj/00/wsj_0039,0,3,with,IN,(PP*,-,-,-,-,*,(ARGM-MNR*,*,*,-
nw/wsj/00/wsj_0039,0,4,sound,NN,(NP(NP*),-,-,-,-,*,*,*,*,-
nw/wsj/00/wsj_0039,0,5,,,,,*,-,-,-,-,*,*,*,*,-
nw/wsj/00/wsj_0039,0,6,the,DT,(NP(NP*,-,-,-,-,*,*,*,*,-
nw/wsj/00/wsj_0039,0,7,sound,NN,*),-,-,-,-,*,*,*,*,-
nw/wsj/00/wsj_0039,0,8,of,IN,(PP*,-,-,-,-,*,*,*,*,-
nw/wsj/00/wsj_0039,0,9,street,NN,(S(NP*,-,-,-,-,*,*,(ARG0*,*,-
nw/wsj/00/wsj_0039,0,10,people,NNS,*),-,-,-,-,*,*,*),*,-
nw/wsj/00/wsj_0039,0,11,talking,VBG,(VP*)))),talk,01,-,-,*,*,(V*),*,-
nw/wsj/00/wsj_0039,0,12,,,,,*)))),-,-,-,-,*,*),*,*,-
nw/wsj/00/wsj_0039,0,13,and,CC,*,-,-,-,-,*,*,*,*,-
nw/wsj/00/wsj_0039,0,14,there,EX,(S(NP*),-,-,-,-,*,*,*,*,-
nw/wsj/00/wsj_0039,0,15,is,VBZ,(VP*,be,02,-,-,*,*,*,(V*),-
nw/wsj/00/wsj_0039,0,16,n't,RB,*,-,-,-,-,*,*,*,(ARGM-NEG*),-
nw/wsj/00/wsj_0039,0,17,anything,NN,(NP(NP*),-,-,-,-,*,*,*,(ARG1*,-
nw/wsj/00/wsj_0039,0,18,whimsical,JJ,(ADJP*,-,-,-,-,*,*,*,*,-
nw/wsj/00/wsj_0039,0,19,or,CC,*,-,-,-,-,*,*,*,*,-
nw/wsj/00/wsj_0039,0,20,enviable,JJ,*)),-,-,-,-,*,*,*,*),-
nw/wsj/00/wsj_0039,0,21,in,IN,(PP*,-,-,-,-,*,*,*,(ARGM-LOC*,-
nw/wsj/00/wsj_0039,0,22,those,DT,(NP*,-,-,-,-,*,*,*,*,-
nw/wsj/00/wsj_0039,0,23,rough,JJ,*,-,-,-,-,*,*,*,*,-
nw/wsj/00/wsj_0039,0,24,,,,,*,-,-,-,-,*,*,*,*,-
nw/wsj/00/wsj_0039,0,25,beaten,JJ,*,-,-,-,-,*,*,*,*,-
nw/wsj/00/wsj_0039,0,26,voices,NNS,*)))),-,-,-,-,*,*,*,*),-
nw/wsj/00/wsj_0039,0,27,.,.,*)),-,-,-,-,*,*,*,*,-

nw/wsj/00/wsj_0039,0,0,The,DT,(TOP(S(NP(NP*,-,-,-,-,*,(ARG0*,-
nw/wsj/00/wsj_0039,0,1,French,JJ,*,-,-,-,-,(NORP),*,-
nw/wsj/00/wsj_0039,0,2,film,NN,*,-,-,-,-,*,*,-
nw/wsj/00/wsj_0039,0,3,maker,NN,*),-,-,-,-,*,*,-
nw/wsj/00/wsj_0039,0,4,Claude,NNP,(NP*,-,-,-,-,(PERSON*,*,-
nw/wsj/00/wsj_0039,0,5,Chabrol,NNP,*)),-,-,-,-,*),*),-
nw/wsj/00/wsj_0039,0,6,has,VBZ,(VP*,-,-,-,-,*,*,-
nw/wsj/00/wsj_0039,0,7,managed,VBN,(VP*,manage,02,-,-,*,(V*),-
nw/wsj/00/wsj_0039,0,8,another,DT,(NP(NP*,-,-,-,-,*,(ARG1*,-
nw/wsj/00/wsj_0039,0,9,kind,NN,*),-,-,-,-,*,*,-
nw/wsj/00/wsj_0039,0,10,of,IN,(PP*,-,-,-,-,*,*,-
nw/wsj/00/wsj_0039,0,11,weird,JJ,(NP*,-,-,-,-,*,*,-
nw/wsj/00/wsj_0039,0,12,achievement,NN,*))),-,-,-,-,*,*),-
nw/wsj/00/wsj_0039,0,13,with,IN,(PP*,-,-,-,-,*,(ARGM-MNR*,-
nw/wsj/00/wsj_0039,0,14,his,PRP$,(NP*,-,-,-,-,*,*,-
nw/wsj/00/wsj_0039,0,15,``,``,*,-,-,-,-,*,*,-
nw/wsj/00/wsj_0039,0,16,Story,NNP,(NML(NML*),-,-,-,-,(WORK_OF_ART*,*,-
nw/wsj/00/wsj_0039,0,17,of,IN,(PP*,-,-,-,-,*,*,-
nw/wsj/00/wsj_0039,0,18,Women,NNP,(NP*))))))),-,-,-,-,*),*),-
nw/wsj/00/wsj_0039,0,19,.,.,*,-,-,-,-,*,*,-
nw/wsj/00/wsj_0039,0,20,'','',*)),-,-,-,-,*,*,-

nw/wsj/00/wsj_0039,0,0,He,PRP,(TOP(S(NP*),-,-,-,-,*,(ARG0*),*,*,*,-
nw/wsj/00/wsj_0039,0,1,has,VBZ,(VP*,-,-,-,-,*,*,*,*,*,-
nw/wsj/00/wsj_0039,0,2,made,VBN,(VP*,make,01,-,-,*,(V*),*,*,*,-
nw/wsj/00/wsj_0039,0,3,a,DT,(NP(NP*,-,-,-,-,*,(ARG1*,*,*,*,-
nw/wsj/00/wsj_0039,0,4,harsh,JJ,*,-,-,-,-,*,*,*,*,*,-
nw/wsj/00/wsj_0039,0,5,,,,,*,-,-,-,-,*,*,*,*,*,-
nw/wsj/00/wsj_0039,0,6,brilliant,JJ,*,-,-,-,-,*,*,*,*,*,-
nw/wsj/00/wsj_0039,0,7,picture,NN,*),-,-,-,-,*,*,*,*,*,-
nw/wsj/00/wsj_0039,0,8,--,:,*,-,-,-,-,*,*,*,*,*,-
nw/wsj/00/wsj_0039,0,9,one,CD,(NP(NP*),-,-,-,-,*,*,(ARG1*),*,*,-
nw/wsj/00/wsj_0039,0,10,that,WDT,(SBAR(WHNP*),-,-,-,-,*,*,(R-ARG1*),*,*,-
nw/wsj/00/wsj_0039,0,11,'s,VBZ,(S(VP*,be,01,-,-,*,*,(V*),*,*,-
nw/wsj/00/wsj_0039,0,12,captivating,JJ,(ADJP*))))),-,-,-,-,*,*,(ARG2*),*,*,-
nw/wsj/00/wsj_0039,0,13,--,:,*,-,-,-,-,*,*,*,*,*,-
nw/wsj/00/wsj_0039,0,14,about,IN,(PP*,-,-,-,-,*,*,*,*,*,-
nw/wsj/00/wsj_0039,0,15,a,DT,(NP(NP*,-,-,-,-,*,*,*,*,*,-
nw/wsj/00/wsj_0039,0,16,character,NN,*),-,-,-,-,*,*,*,*,*,-
nw/wsj/00/wsj_0039,0,17,who,WP,(SBAR(WHNP*),-,-,-,-,*,*,*,*,*,-
nw/wsj/00/wsj_0039,0,18,,,,,*,-,-,-,-,*,*,*,*,*,-
nw/wsj/00/wsj_0039,0,19,viewed,VBN,(S(S(VP*,view,01,-,-,*,*,*,(V*),(ARGM-ADV*,-
nw/wsj/00/wsj_0039,0,20,from,IN,(PP*,-,-,-,-,*,*,*,(ARGM-DIR*,*,-
nw/wsj/00/wsj_0039,0,21,the,DT,(NP*,-,-,-,-,*,*,*,*,*,-
nw/wsj/00/wsj_0039,0,22,most,RBS,(ADJP*,-,-,-,-,*,*,*,*,*,-
nw/wsj/00/wsj_0039,0,23,sympathetic,JJ,*),-,-,-,-,*,*,*,*,*,-
nw/wsj/00/wsj_0039,0,24,angle,NN,*)))),-,-,-,-,*,*,*,*),*),-
nw/wsj/00/wsj_0039,0,25,,,,,*,-,-,-,-,*,*,*,*,*,-
nw/wsj/00/wsj_0039,0,26,would,MD,(VP*,-,-,-,-,*,*,*,*,(ARGM-MOD*),-
nw/wsj/00/wsj_0039,0,27,seem,VB,(VP*,seem,01,1,-,*,*,*,*,(V*),-
nw/wsj/00/wsj_0039,0,28,disagreeable,JJ,(S(ADJP*))))))))))),-,-,-,-,*,*),*,*,(ARG1*),-
nw/wsj/00/wsj_0039,0,29,.,.,*)),-,-,-,-,*,*,*,*,*,-

nw/wsj/00/wsj_0039,0,0,Yet,RB,(TOP(S(ADVP*),-,-,-,-,*,(ARGM-DIS*),*,-
nw/wsj/00/wsj_0039,0,1,this,DT,(NP(NP*,-,-,-,-,*,(ARG0*,*,-
nw/wsj/00/wsj_0039,0,2,woman,NN,*),-,-,-,-,*,*,*,-
nw/wsj/00/wsj_0039,0,3,,,,,*,-,-,-,-,*,*,*,-
nw/wsj/00/wsj_0039,0,4,Marie,NNP,(NP*,-,-,-,-,(PERSON*,*,*,-
nw/wsj/00/wsj_0039,0,5,-,HYPH,*,-,-,-,-,*,*,*,-
nw/wsj/00/wsj_0039,0,6,Louise,NNP,*,-,-,-,-,*,*,*,-
nw/wsj/00/wsj_0039,0,7,Giraud,NNP,*),-,-,-,-,*),*,*,-
nw/wsj/00/wsj_0039,0,8,,,,,*),-,-,-,-,*,*),*,-
nw/wsj/00/wsj_0039,0,9,carries,VBZ,(VP*,carry,01,-,-,*,(V*),*,-
nw/wsj/00/wsj_0039,0,10,historical,JJ,(NP*,-,-,-,-,*,(ARG1*,*,-
nw/wsj/00/wsj_0039,0,11,significance,NN,*),-,-,-,-,*,*),*,-
nw/wsj/00/wsj_0039,0,12,,,,,*,-,-,-,-,*,*,*,-
nw/wsj/00/wsj_0039,0,13,both,DT,(PP*,-,-,-,-,*,(ARGM-PRD*,*,-
nw/wsj/00/wsj_0039,0,14,as,IN,(PP*,-,-,-,-,*,*,*,-
nw/wsj/00/wsj_0039,0,15,one,CD,(NP(NP*),-,-,-,-,(CARDINAL),*,*,-
nw/wsj/00/wsj_0039,0,16,of,IN,(PP*,-,-,-,-,*,*,*,-
nw/wsj/00/wsj_0039,0,17,the,DT,(NP(NP*,-,-,-,-,*,*,(ARG1*,-
nw/wsj/00/wsj_0039,0,18,last,JJ,*,-,-,-,-,*,*,*,-
nw/wsj/00/wsj_0039,0,19,women,NNS,*),-,-,-,-,*,*,*),-
nw/wsj/00/wsj_0039,0,20,to,TO,(SBAR(S(VP*,-,-,-,-,*,*,*,-
nw/wsj/00/wsj_0039,0,21,be,VB,(VP*,-,-,-,-,*,*,*,-
nw/wsj/00/wsj_0039,0,22,executed,VBN,(VP*,execute,01,-,-,*,*,(V*),-
nw/wsj/00/wsj_0039,0,23,in,IN,(PP*,-,-,-,-,*,*,(ARGM-LOC*,-
nw/wsj/00/wsj_0039,0,24,France,NNP,(NP*))))))))))),-,-,-,-,(GPE),*,*),-
nw/wsj/00/wsj_0039,0,25,and,CC,*,-,-,-,-,*,*,*,-
nw/wsj/00/wsj_0039,0,26,as,IN,(PP*,-,-,-,-,*,*,*,-
nw/wsj/00/wsj_0039,0,27,a,DT,(NP(NP*,-,-,-,-,*,*,*,-
nw/wsj/00/wsj_0039,0,28,symbol,NN,*),symbol,-,1,-,*,*,*,-
nw/wsj/00/wsj_0039,0,29,of,IN,(PP*,-,-,-,-,*,*,*,-
nw/wsj/00/wsj_0039,0,30,the,DT,(NP(NP*,-,-,-,-,*,*,*,-
nw/wsj/00/wsj_0039,0,31,Vichy,NNP,*,-,-,-,-,(ORG),*,*,-
nw/wsj/00/wsj_0039,0,32,government,NN,*,-,-,-,-,*,*,*,-
nw/wsj/00/wsj_0039,0,33,'s,POS,*),-,-,-,-,*,*,*,-
nw/wsj/00/wsj_0039,0,34,hypocrisy,NN,*)))))),-,-,-,-,*,*),*,-
nw/wsj/00/wsj_0039,0,35,.,.,*)),-,-,-,-,*,*,*,-

nw/wsj/00/wsj_0039,0,0,While,IN,(TOP(S(SBAR*,-,-,-,-,*,*,(ARGM-TMP*,-
nw/wsj/00/wsj_0039,0,1,Vichy,NNP,(S(NP*),-,-,-,-,(ORG),(ARG0*),*,-
nw/wsj/00/wsj_0039,0,2,collaborated,VBD,(VP*,collaborate,01,2,-,*,(V*),*,-
nw/wsj/00/wsj_0039,0,3,with,IN,(PP*,-,-,-,-,*,(ARG1*,*,-
nw/wsj/00/wsj_0039,0,4,the,DT,(NP*,-,-,-,-,*,*,*,-
nw/wsj/00/wsj_0039,0,5,Germans,NNS,*)),-,-,-,-,(NORP),*),*,-
nw/wsj/00/wsj_0039,0,6,during,IN,(PP*,-,-,-,-,*,(ARGM-TMP*,*,-
nw/wsj/00/wsj_0039,0,7,World,NNP,(NP*,-,-,-,-,(EVENT*,*,*,-
nw/wsj/00/wsj_0039,0,8,War,NNP,*,-,-,-,-,*,*,*,-
nw/wsj/00/wsj_0039,0,9,II,NNP,*)),-,-,-,-,*),*),*,-
nw/wsj/00/wsj_0039,0,10,in,IN,(PP*,-,-,-,-,*,(ARG2*,*,-
nw/wsj/00/wsj_0039,0,11,the,DT,(NP(NP*,-,-,-,-,*,*,*,-
nw/wsj/00/wsj_0039,0,12,deaths,NNS,*),-,-,-,-,*,*,*,-
nw/wsj/00/wsj_0039,0,13,of,IN,(PP*,-,-,-,-,*,*,*,-
nw/wsj/00/wsj_0039,0,14,thousands,NNS,(NP(NP*),-,-,-,-,(CARDINAL),*,*,-
nw/wsj/00/wsj_0039,0,15,of,IN,(PP*,-,-,-,-,*,*,*,-
nw/wsj/00/wsj_0039,0,16,Resistance,NNP,(NP(NP*,-,-,-,-,(ORG),*,*,-
nw/wsj/00/wsj_0039,0,17,fighters,NNS,*),-,-,-,-,*,*,*,-
nw/wsj/00/wsj_0039,0,18,and,CC,*,-,-,-,-,*,*,*,-
nw/wsj/00/wsj_0039,0,19,Jews,NNS,(NP*)))))))))),-,-,-,-,(NORP),*),*),-
nw/wsj/00/wsj_0039,0,20,,,,,*,-,-,-,-,*,*,*,-
nw/wsj/00/wsj_0039,0,21,its,PRP$,(NP*,-,-,-,-,*,*,(ARG0*,-
nw/wsj/00/wsj_0039,0,22,officials,NNS,*),-,-,-,-,*,*,*),-
nw/wsj/00/wsj_0039,0,23,needed,VBD,(VP*,need,01,-,-,*,*,(V*),-
nw/wsj/00/wsj_0039,0,24,a,DT,(NP*,-,-,-,-,*,*,(ARG1*,-
nw/wsj/00/wsj_0039,0,25,diversionary,JJ,*,-,-,-,-,*,*,*,-
nw/wsj/00/wsj_0039,0,26,symbolic,JJ,*,-,-,-,-,*,*,*,-
nw/wsj/00/wsj_0039,0,27,traitor,NN,*)),-,-,-,-,*,*,*),-
nw/wsj/00/wsj_0039,0,28,.,.,*)),-,-,-,-,*,*,*,-

nw/wsj/00/wsj_0039,0,0,Marie,NNP,(TOP(S(NP(NP*,-,-,-,-,(PERSON*,(ARG1*,-
nw/wsj/00/wsj_0039,0,1,-,HYPH,*,-,-,-,-,*,*,-
nw/wsj/00/wsj_0039,0,2,Louise,NNP,*),-,-,-,-,*),*,-
nw/wsj/00/wsj_0039,0,3,,,,,*,-,-,-,-,*,*,-
nw/wsj/00/wsj_0039,0,4,a,DT,(NP*,-,-,-,-,*,*,-
nw/wsj/00/wsj_0039,0,5,small,JJ,(NML*,-,-,-,-,*,*,-
nw/wsj/00/wsj_0039,0,6,-,HYPH,*,-,-,-,-,*,*,-
nw/wsj/00/wsj_0039,0,7,time,NN,*),-,-,-,-,*,*,-
nw/wsj/00/wsj_0039,0,8,abortionist,NN,*),-,-,-,-,*,*,-
nw/wsj/00/wsj_0039,0,9,,,,,*),-,-,-,-,*,*),-
nw/wsj/00/wsj_0039,0,10,was,VBD,(VP*,be,01,-,-,*,(V*),-
nw/wsj/00/wsj_0039,0,11,their,PRP$,(NP*,-,-,-,-,*,(ARG2*,-
nw/wsj/00/wsj_0039,0,12,woman,NN,*)),-,-,-,-,*,*),-
nw/wsj/00/wsj_0039,0,13,.,.,*)),-,-,-,-,*,*,-

nw/wsj/00/wsj_0039,0,0,She,PRP,(TOP(S(NP*),-,-,-,-,*,(ARG1*),(ARG1*),*,*,-
nw/wsj/00/wsj_0039,0,1,became,VBD,(VP(VP*,become,01,-,-,*,(V*),*,*,*,-
nw/wsj/00/wsj_0039,0,2,an,DT,(NP*,-,-,-,-,*,(ARG2*,*,*,*,-
nw/wsj/00/wsj_0039,0,3,abortionist,NN,*),-,-,-,-,*,*),*,*,*,-
nw/wsj/00/wsj_0039,0,4,accidentally,RB,(ADVP*)),-,-,-,-,*,(ARGM-MNR*),*,*,*,-
nw/wsj/00/wsj_0039,0,5,,,,,*,-,-,-,-,*,*,*,*,*,-
nw/wsj/00/wsj_0039,0,6,and,CC,*,-,-,-,-,*,*,*,*,*,-
nw/wsj/00/wsj_0039,0,7,continued,VBD,(VP*,continue,01,-,-,*,*,(V*),*,*,-
nw/wsj/00/wsj_0039,0,8,because,IN,(SBAR*,-,-,-,-,*,*,(ARGM-CAU*,*,*,-
nw/wsj/00/wsj_0039,0,9,it,PRP,(S(NP*),-,-,-,-,*,*,*,(ARG0*),*,-
nw/wsj/00/wsj_0039,0,10,enabled,VBD,(VP*,enable,01,1,-,*,*,*,(V*),*,-
nw/wsj/00/wsj_0039,0,11,her,PRP,(NP*),-,-,-,-,*,*,*,(ARG2*),(ARG0*),-
nw/wsj/00/wsj_0039,0,12,to,TO,(S(VP*,-,-,-,-,*,*,*,(ARG1*,*,-
nw/wsj/00/wsj_0039,0,13,buy,VB,(VP*,buy,01,-,-,*,*,*,*,(V*),-
nw/wsj/00/wsj_0039,0,14,jam,NN,(NP(NP*),-,-,-,-,*,*,*,*,(ARG1*,-
nw/wsj/00/wsj_0039,0,15,,,,,*,-,-,-,-,*,*,*,*,*,-
nw/wsj/00/wsj_0039,0,16,cocoa,NN,(NP*),-,-,-,-,*,*,*,*,*,-
nw/wsj/00/wsj_0039,0,17,and,CC,*,-,-,-,-,*,*,*,*,*,-
nw/wsj/00/wsj_0039,0,18,other,JJ,(NP*,-,-,-,-,*,*,*,*,*,-
nw/wsj/00/wsj_0039,0,19,war,NN,(ADJP*,-,-,-,-,*,*,*,*,*,-
nw/wsj/00/wsj_0039,0,20,-,HYPH,*,-,-,-,-,*,*,*,*,*,-
nw/wsj/00/wsj_0039,0,21,rationed,VBN,*),-,-,-,-,*,*,*,*,*,-
nw/wsj/00/wsj_0039,0,22,goodies,NNS,*)))))))))),-,-,-,-,*,*,*),*),*),-
nw/wsj/00/wsj_0039,0,23,.,.,*)),-,-,-,-,*,*,*,*,*,-

nw/wsj/00/wsj_0039,0,0,She,PRP,(TOP(S(NP*),-,-,-,-,*,(ARG1*),(ARG0*),-
nw/wsj/00/wsj_0039,0,1,was,VBD,(VP(VP*,be,01,-,-,*,(V*),*,-
nw/wsj/00/wsj_0039,0,2,untrained,JJ,(ADJP*)),-,-,-,-,*,(ARG2*),*,-
nw/wsj/00/wsj_0039,0,3,and,CC,*,-,-,-,-,*,*,*,-
nw/wsj/00/wsj_0039,0,4,,,,,*,-,-,-,-,*,*,*,-
nw/wsj/00/wsj_0039,0,5,in,IN,(VP(PP*,-,-,-,-,*,*,(ARGM-LOC*,-
nw/wsj/00/wsj_0039,0,6,one,CD,(NP*,-,-,-,-,(CARDINAL),*,*,-
nw/wsj/00/wsj_0039,0,7,botched,JJ,*,-,-,-,-,*,*,*,-
nw/wsj/00/wsj_0039,0,8,job,NN,*)),-,-,-,-,*,*,*),-
nw/wsj/00/wsj_0039,0,9,killed,VBD,*,kill,01,-,-,*,*,(V*),-
nw/wsj/00/wsj_0039,0,10,a,DT,(NP*,-,-,-,-,*,*,(ARG1*,-
nw/wsj/00/wsj_0039,0,11,client,NN,*))),-,-,-,-,*,*,*),-
nw/wsj/00/wsj_0039,0,12,.,.,*)),-,-,-,-,*,*,*,-

nw/wsj/00/wsj_0039,0,0,Her,PRP$,(TOP(S(NP*,-,-,-,-,*,(ARG1*,-
nw/wsj/00/wsj_0039,0,1,remorse,NN,*),-,-,-,-,*,*),-
nw/wsj/00/wsj_0039,0,2,was,VBD,(VP*,be,01,-,-,*,(V*),-
nw/wsj/00/wsj_0039,0,3,shallow,JJ,(ADJP*,-,-,-,-,*,(ARG2*,-
nw/wsj/00/wsj_0039,0,4,and,CC,*,-,-,-,-,*,*,-
nw/wsj/00/wsj_0039,0,5,brief,JJ,*)),-,-,-,-,*,*),-
nw/wsj/00/wsj_0039,0,6,.,.,*)),-,-,-,-,*,*,-

nw/wsj/00/wsj_0039,0,0,Although,IN,(TOP(S(SBAR*,-,-,-,-,*,*,*,(ARGM-ADV*,-
nw/wsj/00/wsj_0039,0,1,she,PRP,(S(NP*),-,-,-,-,*,(ARG1*),*,*,-
nw/wsj/00/wsj_0039,0,2,was,VBD,(VP*,be,01,-,-,*,(V*),*,*,-
nw/wsj/00/wsj_0039,0,3,kind,JJ,(ADJP*,-,-,-,-,*,(ARG2*,*,*,-
nw/wsj/00/wsj_0039,0,4,and,CC,*,-,-,-,-,*,*,*,*,-
nw/wsj/00/wsj_0039,0,5,playful,JJ,*,-,-,-,-,*,*,*,*,-
nw/wsj/00/wsj_0039,0,6,to,IN,(PP*,-,-,-,-,*,*,*,*,-
nw/wsj/00/wsj_0039,0,7,her,PRP$,(NP*,-,-,-,-,*,*,*,*,-
nw/wsj/00/wsj_0039,0,8,children,NNS,*)))))),-,-,-,-,*,*),*,*),-
nw/wsj/00/wsj_0039,0,9,,,,,*,-,-,-,-,*,*,*,*,-
nw/wsj/00/wsj_0039,0,10,she,PRP,(S(NP*),-,-,-,-,*,*,(ARG1*),*,-
nw/wsj/00/wsj_0039,0,11,was,VBD,(VP*,be,01,-,-,*,*,(V*),*,-
nw/wsj/00/wsj_0039,0,12,dreadful,JJ,(ADJP*,-,-,-,-,*,*,(ARG2*,*,-
nw/wsj/00/wsj_0039,0,13,to,IN,(PP*,-,-,-,-,*,*,*,*,-
nw/wsj/00/wsj_0039,0,14,her,PRP$,(NP*,-,-,-,-,*,*,*,*,-
nw/wsj/00/wsj_0039,0,15,war,NN,(ADJP*,-,-,-,-,*,*,*,*,-
nw/wsj/00/wsj_0039,0,16,-,HYPH,*,-,-,-,-,*,*,*,*,-
nw/wsj/00/wsj_0039,0,17,damaged,VBN,*),-,-,-,-,*,*,*,*,-
nw/wsj/00/wsj_0039,0,18,husband,NN,*))))),-,-,-,-,*,*,*),*,-
nw/wsj/00/wsj_0039,0,19,;,:,*,-,-,-,-,*,*,*,*,-
nw/wsj/00/wsj_0039,0,20,she,PRP,(S(NP*),-,-,-,-,*,*,*,(ARG0*),-
nw/wsj/00/wsj_0039,0,21,openly,RB,(ADVP*),-,-,-,-,*,*,*,(ARGM-MNR*),-
nw/wsj/00/wsj_0039,0,22,brought,VBD,(VP*,bring,01,-,-,*,*,*,(V*),-
nw/wsj/00/wsj_0039,0,23,her,PRP$,(NP*,-,-,-,-,*,*,*,(ARG1*,-
nw/wsj/00/wsj_0039,0,24,lover,NN,*),-,-,-,-,*,*,*,*),-
nw/wsj/00/wsj_0039,0,25,into,IN,(PP*,-,-,-,-,*,*,*,(ARG3*,-
nw/wsj/00/wsj_0039,0,26,their,PRP$,(NP*,-,-,-,-,*,*,*,*,-
nw/wsj/00/wsj_0039,0,27,home,NN,*)))),-,-,-,-,*,*,*,*),-
nw/wsj/00/wsj_0039,0,28,.,.,*)),-,-,-,-,*,*,*,*,-

nw/wsj/00/wsj_0039,0,0,As,IN,(TOP(S(SBAR*,-,-,-,-,*,*,*,*,(ARGM-ADV*,-
nw/wsj/00/wsj_0039,0,1,presented,VBN,(S(VP(VP*,present,01,-,-,*,(V*),*,*,*,-
nw/wsj/00/wsj_0039,0,2,by,IN,(PP*,-,-,-,-,*,(ARG0*,*,*,*,-
nw/wsj/00/wsj_0039,0,3,Mr.,NNP,(NP*,-,-,-,-,*,*,*,*,*,-
nw/wsj/00/wsj_0039,0,4,Chabrol,NNP,*))),-,-,-,-,(PERSON),*),*,*,*,-
nw/wsj/00/wsj_0039,0,5,,,,,*,-,-,-,-,*,*,*,*,*,-
nw/wsj/00/wsj_0039,0,6,and,CC,*,-,-,-,-,*,*,*,*,*,-
nw/wsj/00/wsj_0039,0,7,played,VBN,(VP*,play,02,-,-,*,*,(V*),*,*,-
nw/wsj/00/wsj_0039,0,8,with,IN,(PP*,-,-,-,-,*,*,(ARGM-MNR*,*,*,-
nw/wsj/00/wsj_0039,0,9,thin,JJ,(NP(ADJP*,-,-,-,-,*,*,*,*,*,-
nw/wsj/00/wsj_0039,0,10,-,HYPH,*,-,-,-,-,*,*,*,*,*,-
nw/wsj/00/wsj_0039,0,11,lipped,JJ,*),-,-,-,-,*,*,*,*,*,-
nw/wsj/00/wsj_0039,0,12,intensity,NN,*)),-,-,-,-,*,*,*),*,*,-
nw/wsj/00/wsj_0039,0,13,by,IN,(PP*,-,-,-,-,*,*,(ARG0*,*,*,-
nw/wsj/00/wsj_0039,0,14,Isabelle,NNP,(NP*,-,-,-,-,(PERSON*,*,*,*,*,-
nw/wsj/00/wsj_0039,0,15,Huppert,NNP,*)))))),-,-,-,-,*),*,*),*,*),-
nw/wsj/00/wsj_0039,0,16,,,,,*,-,-,-,-,*,*,*,*,*,-
nw/wsj/00/wsj_0039,0,17,Marie,NNP,(NP(NP*,-,-,-,-,(PERSON*,(ARG1*,*,(ARG1*,(ARG1*,-
nw/wsj/00/wsj_0039,0,18,-,HYPH,*,-,-,-,-,*,*,*,*,*,-
nw/wsj/00/wsj_0039,0,19,Louise,NNP,*),-,-,-,-,*),*,*,*),*,-
nw/wsj/00/wsj_0039,0,20,-LRB-,-LRB-,*,-,-,-,-,*,*,*,*,*,-
nw/wsj/00/wsj_0039,0,21,called,VBN,(VP*,call,01,-,-,*,*,*,(V*),*,-
nw/wsj/00/wsj_0039,0,22,Marie,NNP,(S(NP*,-,-,-,-,(PERSON*,*,*,(ARG2*,*,-
nw/wsj/00/wsj_0039,0,23,Latour,NNP,*)),-,-,-,-,*),*,*,*),*,-
nw/wsj/00/wsj_0039,0,24,in,IN,(PP*,-,-,-,-,*,*,*,(ARGM-LOC*,*,-
nw/wsj/00/wsj_0039,0,25,the,DT,(NP*,-,-,-,-,*,*,*,*,*,-
nw/wsj/00/wsj_0039,0,26,film,NN,*))),-,-,-,-,*,*,*,*),*,-
nw/wsj/00/wsj_0039,0,27,-RRB-,-RRB-,*),-,-,-,-,*,*),*,*,*),-
nw/wsj/00/wsj_0039,0,28,was,VBD,(VP*,be,01,-,-,*,*,*,*,(V*),-
nw/wsj/00/wsj_0039,0,29,not,RB,*,-,-,-,-,*,*,*,*,(ARGM-NEG*),-
nw/wsj/00/wsj_0039,0,30,a,DT,(NP*,-,-,-,-,*,*,*,*,(ARG2*,-
nw/wsj/00/wsj_0039,0,31,nice,JJ,*,-,-,-,-,*,*,*,*,*,-
nw/wsj/00/wsj_0039,0,32,person,NN,*)),-,-,-,-,*,*,*,*,*),-
nw/wsj/00/wsj_0039,0,33,.,.,*)),-,-,-,-,*,*,*,*,*,-

nw/wsj/00/wsj_0039,0,0,But,CC,(TOP(S*,-,-,-,-,*,(ARGM-DIS*),*,*,-
nw/wsj/00/wsj_0039,0,1,she,PRP,(NP*),-,-,-,-,*,(ARG0*),(ARG0*),*,-
nw/wsj/00/wsj_0039,0,2,did,VBD,(VP*,-,-,-,-,*,*,*,*,-
nw/wsj/00/wsj_0039,0,3,n't,RB,*,-,-,-,-,*,(ARGM-NEG*),*,*,-
nw/wsj/00/wsj_0039,0,4,deserve,VB,(VP*,deserve,01,1,-,*,(V*),*,*,-
nw/wsj/00/wsj_0039,0,5,to,TO,(S(VP*,-,-,-,-,*,(ARG1*,*,*,-
nw/wsj/00/wsj_0039,0,6,have,VB,(VP*,have,04,-,-,*,*,(V*),*,-
nw/wsj/00/wsj_0039,0,7,her,PRP$,(S(NP*,-,-,-,-,*,*,(ARG1*,(ARG1*,-
nw/wsj/00/wsj_0039,0,8,head,NN,*),-,-,-,-,*,*,*,*),-
nw/wsj/00/wsj_0039,0,9,chopped,VBN,(VP*,chop,01,-,-,*,*,*,(V*),-
nw/wsj/00/wsj_0039,0,10,off,RP,(PRT*)))))))),-,-,-,-,*,*),*),(ARGM-DIR*),-
nw/wsj/00/wsj_0039,0,11,.,.,*)),-,-,-,-,*,*,*,*,-

nw/wsj/00/wsj_0039,0,0,There,EX,(TOP(S(NP*),-,-,-,-,*,*,*,-
nw/wsj/00/wsj_0039,0,1,is,VBZ,(VP*,be,02,-,-,*,(V*),*,-
nw/wsj/00/wsj_0039,0,2,very,RB,(NP(NP(ADJP*,-,-,-,-,*,(ARG1*,(ARG0*,-
nw/wsj/00/wsj_0039,0,3,little,JJ,*)),-,-,-,-,*,*,*),-
nw/wsj/00/wsj_0039,0,4,to,TO,(SBAR(S(VP*,-,-,-,-,*,*,*,-
nw/wsj/00/wsj_0039,0,5,recommend,VB,(VP*,recommend,01,2,-,*,*,(V*),-
nw/wsj/00/wsj_0039,0,6,``,``,(NP*,-,-,-,-,*,*,(ARG1*,-
nw/wsj/00/wsj_0039,0,7,Old,NNP,(NP*,-,-,-,-,(WORK_OF_ART*,*,*,-
nw/wsj/00/wsj_0039,0,8,Gringo,NNP,*),-,-,-,-,*),*,*,-
nw/wsj/00/wsj_0039,0,9,,,,,*,-,-,-,-,*,*,*,-
nw/wsj/00/wsj_0039,0,10,'','',*,-,-,-,-,*,*,*,-
nw/wsj/00/wsj_0039,0,11,a,DT,(NP(NP*,-,-,-,-,*,*,*,-
nw/wsj/00/wsj_0039,0,12,confused,JJ,*,-,-,-,-,*,*,*,-
nw/wsj/00/wsj_0039,0,13,rendering,NN,*),-,-,-,-,*,*,*,-
nw/wsj/00/wsj_0039,0,14,of,IN,(PP*,-,-,-,-,*,*,*,-
nw/wsj/00/wsj_0039,0,15,the,DT,(NP(NP*,-,-,-,-,*,*,*,-
nw/wsj/00/wsj_0039,0,16,Carlos,NNP,(NML*,-,-,-,-,(PERSON*,*,*,-
nw/wsj/00/wsj_0039,0,17,Fuentes,NNP,*),-,-,-,-,*),*,*,-
nw/wsj/00/wsj_0039,0,18,novel,NN,*),-,-,-,-,*,*,*,-
nw/wsj/00/wsj_0039,0,19,of,IN,(PP*,-,-,-,-,*,*,*,-
nw/wsj/00/wsj_0039,0,20,the,DT,(NP*,-,-,-,-,(EVENT*,*,*,-
nw/wsj/00/wsj_0039,0,21,Mexican,NNP,*,-,-,-,-,*,*,*,-
nw/wsj/00/wsj_0039,0,22,Revolution,NNP,*)))))))))))),-,-,-,-,*),*),*),-
nw/wsj/00/wsj_0039,0,23,.,.,*)),-,-,-,-,*,*,*,-

nw/wsj/00/wsj_0039,0,0,Most,JJS,(TOP(S(NP(NP*),-,-,-,-,*,*,*,*,*,-
nw/wsj/00/wsj_0039,0,1,of,IN,(PP*,-,-,-,-,*,*,*,*,*,-
nw/wsj/00/wsj_0039,0,2,the,DT,(NP*,-,-,-,-,*,*,*,*,*,-
nw/wsj/00/wsj_0039,0,3,picture,NN,*))),-,-,-,-,*,*,*,*,*,-
nw/wsj/00/wsj_0039,0,4,is,VBZ,(VP*,-,-,-,-,*,*,*,*,*,-
nw/wsj/00/wsj_0039,0,5,taken,VBN,(ADJP*,-,-,-,-,*,*,*,*,*,-
nw/wsj/00/wsj_0039,0,6,up,RP,*,-,-,-,-,*,*,*,*,*,-
nw/wsj/00/wsj_0039,0,7,with,IN,(PP*,-,-,-,-,*,*,*,*,*,-
nw/wsj/00/wsj_0039,0,8,endless,JJ,(NP(NP*,-,-,-,-,*,*,*,*,*,-
nw/wsj/00/wsj_0039,0,9,scenes,NNS,*),-,-,-,-,*,*,*,*,*,-
nw/wsj/00/wsj_0039,0,10,of,IN,(PP*,-,-,-,-,*,*,*,*,*,-
nw/wsj/00/wsj_0039,0,11,many,JJ,(S(NP*,-,-,-,-,*,(ARG0*,(ARG0*,(ARG0*,(ARG0*,-
nw/wsj/00/wsj_0039,0,12,people,NNS,*),-,-,-,-,*,*),*),*),*),-
nw/wsj/00/wsj_0039,0,13,either,CC,(VP*,-,-,-,-,*,*,*,*,*,-
nw/wsj/00/wsj_0039,0,14,fighting,VBG,(VP*),fight,01,-,-,*,(V*),*,*,*,-
nw/wsj/00/wsj_0039,0,15,or,CC,*,-,-,-,-,*,*,*,*,*,-
nw/wsj/00/wsj_0039,0,16,eating,VBG,(VP*,eat,01,-,-,*,*,(V*),*,*,-
nw/wsj/00/wsj_0039,0,17,and,CC,*,-,-,-,-,*,*,*,*,*,-
nw/wsj/00/wsj_0039,0,18,drinking,VBG,*,drink,01,2,-,*,*,*,(V*),*,-
nw/wsj/00/wsj_0039,0,19,to,TO,(S(VP*,-,-,-,-,*,*,(ARGM-PRP*,(ARGM-PRP*,*,-
nw/wsj/00/wsj_0039,0,20,celebrate,VB,(VP*,celebrate,02,1,-,*,*,*,*,(V*),-
nw/wsj/00/wsj_0039,0,21,victory,NN,(NP*)))))))))))),-,-,-,-,*,*,*),*),(ARG1*),-
nw/wsj/00/wsj_0039,0,22,.,.,*)),-,-,-,-,*,*,*,*,*,-

nw/wsj/00/wsj_0039,0,0,I,PRP,(TOP(S(NP*),-,-,-,-,*,(ARG0*),*,*,*,*,*,*,-
nw/wsj/00/wsj_0039,0,1,mention,VBP,(VP*,mention,01,1,-,*,(V*),*,*,*,*,*,*,-
nw/wsj/00/wsj_0039,0,2,the,DT,(NP*,-,-,-,-,*,(ARG1*,*,*,*,*,*,*,-
nw/wsj/00/wsj_0039,0,3,picture,NN,*),-,-,-,-,*,*),*,*,*,*,*,*,-
nw/wsj/00/wsj_0039,0,4,only,RB,(SBAR(ADVP*),-,-,-,-,*,(ARGM-CAU*,*,*,*,*,*,*,-
nw/wsj/00/wsj_0039,0,5,because,IN,*,-,-,-,-,*,*,*,*,*,*,*,*,-
nw/wsj/00/wsj_0039,0,6,many,JJ,(S(S(NP*,-,-,-,-,*,*,(ARG0*,*,*,*,*,*,-
nw/wsj/00/wsj_0039,0,7,bad,JJ,*,-,-,-,-,*,*,*,*,*,*,*,*,-
nw/wsj/00/wsj_0039,0,8,movies,NNS,*),-,-,-,-,*,*,*),*,*,*,*,*,-
nw/wsj/00/wsj_0039,0,9,have,VBP,(VP*,have,03,-,-,*,*,(V*),*,*,*,*,*,-
nw/wsj/00/wsj_0039,0,10,a,DT,(NP*,-,-,-,-,*,*,(ARG1*,*,*,*,*,*,-
nw/wsj/00/wsj_0039,0,11,bright,JJ,*,-,-,-,-,*,*,*,*,*,*,*,*,-
nw/wsj/00/wsj_0039,0,12,spot,NN,*))),-,-,-,-,*,*,*),*,*,*,*,*,-
nw/wsj/00/wsj_0039,0,13,,,,,*,-,-,-,-,*,*,*,*,*,*,*,*,-
nw/wsj/00/wsj_0039,0,14,and,CC,*,-,-,-,-,*,*,*,*,*,*,*,*,-
nw/wsj/00/wsj_0039,0,15,this,DT,(S(NP*,-,-,-,-,*,*,*,(ARG0*,*,*,*,*,-
nw/wsj/00/wsj_0039,0,16,one,CD,*),-,-,-,-,*,*,*,*),*,*,*,*,-
nw/wsj/00/wsj_0039,0,17,has,VBZ,(VP*,have,03,-,-,*,*,*,(V*),*,*,*,*,-
nw/wsj/00/wsj_0039,0,18,Gregory,NNP,(NP(NP*,-,-,-,-,(PERSON*,*,*,(ARG1*,*,*,*,*,-
nw/wsj/00/wsj_0039,0,19,Peck,NNP,*),-,-,-,-,*),*,*,*,*,*,*,*,-
nw/wsj/00/wsj_0039,0,20,,,,,*,-,-,-,-,*,*,*,*,*,*,*,*,-
nw/wsj/00/wsj_0039,0,21,in,IN,(PP*,-,-,-,-,*,*,*,*,*,*,*,*,-
nw/wsj/00/wsj_0039,0,22,a,DT,(NP(NP*,-,-,-,-,*,*,*,*,*,*,*,*,-
nw/wsj/00/wsj_0039,0,23,marvelously,RB,(ADJP*,-,-,-,-,*,*,*,*,*,*,*,*,-
nw/wsj/00/wsj_0039,0,24,loose,JJ,*,-,-,-,-,*,*,*,*,*,*,*,*,-
nw/wsj/00/wsj_0039,0,25,and,CC,*,-,-,-,-,*,*,*,*,*,*,*,*,-
nw/wsj/00/wsj_0039,0,26,energetic,JJ,*),-,-,-,-,*,*,*,*,*,*,*,*,-
nw/wsj/00/wsj_0039,0,27,portrayal,NN,*),-,-,-,-,*,*,*,*,*,*,*,*,-
nw/wsj/00/wsj_0039,0,28,of,IN,(PP*,-,-,-,-,*,*,*,*,*,*,*,*,-
nw/wsj/00/wsj_0039,0,29,an,DT,(NP(NP*,-,-,-,-,*,*,*,*,(ARG0*,(ARG1*,*,*,-
nw/wsj/00/wsj_0039,0,30,old,JJ,*,-,-,-,-,*,*,*,*,*,*,*,*,-
nw/wsj/00/wsj_0039,0,31,man,NN,*),-,-,-,-,*,*,*,*,*),*),*,*,-
nw/wsj/00/wsj_0039,0,32,who,WP,(SBAR(WHNP*),-,-,-,-,*,*,*,*,(R-ARG0*),(R-ARG1*),*,*,-
nw/wsj/00/wsj_0039,0,33,wants,VBZ,(S(VP*,want,01,-,-,*,*,*,*,(V*),*,*,*,-
nw/wsj/00/wsj_0039,0,34,to,TO,(S(VP*,-,-,-,-,*,*,*,*,(ARG1*,*,*,*,-
nw/wsj/00/wsj_0039,0,35,die,VB,(VP*,die,01,-,-,*,*,*,*,*,(V*),*,*,-
nw/wsj/00/wsj_0039,0,36,the,DT,(NP(NP*,-,-,-,-,*,*,*,*,*,(ARGM-MNR*,*,(ARGM-MNR*,-
nw/wsj/00/wsj_0039,0,37,way,NN,*),-,-,-,-,*,*,*,*,*,*,*,*),-
nw/wsj/00/wsj_0039,0,38,he,PRP,(SBAR(S(NP*),-,-,-,-,*,*,*,*,*,*,(ARG0*),(ARG1*),-
nw/wsj/00/wsj_0039,0,39,wants,VBZ,(VP*,want,01,-,-,*,*,*,*,*,*,(V*),*,-
nw/wsj/00/wsj_0039,0,40,to,TO,(S(VP*,-,-,-,-,*,*,*,*,*,*,(ARG1*,*,-
nw/wsj/00/wsj_0039,0,41,die,VB,(VP*))))))))))))))))))))))),die,01,-,-,*,*),*,*),*),*),*),(V*),-
nw/wsj/00/wsj_0039,0,42,.,.,*)),-,-,-,-,*,*,*,*,*,*,*,*,-

nw/wsj/00/wsj_0039,0,0,Video,NNP,(TOP(FRAG(NP*,-,-,-,-,*,*,-
nw/wsj/00/wsj_0039,0,1,Tip,NNP,*),-,-,-,-,*,*,-
nw/wsj/00/wsj_0039,0,2,:,:,*,-,-,-,-,*,*,-
nw/wsj/00/wsj_0039,0,3,Before,IN,(S(PP*,-,-,-,-,*,*,-
nw/wsj/00/wsj_0039,0,4,seeing,VBG,(S(VP*,see,01,-,-,*,(V*),-
nw/wsj/00/wsj_0039,0,5,``,``,*,-,-,-,-,*,*,-
nw/wsj/00/wsj_0039,0,6,Sidewalk,NNP,(NP*,-,-,-,-,(WORK_OF_ART*,(ARG1*,-
nw/wsj/00/wsj_0039,0,7,Stories,NNP,*)))),-,-,-,-,*),*),-
nw/wsj/00/wsj_0039,0,8,,,,,*,-,-,-,-,*,*,-
nw/wsj/00/wsj_0039,0,9,'','',*,-,-,-,-,*,*,-
nw/wsj/00/wsj_0039,0,10,take,VB,(VP*,-,-,-,-,*,*,-
nw/wsj/00/wsj_0039,0,11,a,DT,(NP(NP*,-,-,-,-,*,*,-
nw/wsj/00/wsj_0039,0,12,look,NN,*),-,-,-,-,*,*,-
nw/wsj/00/wsj_0039,0,13,at,IN,(PP*,-,-,-,-,*,*,-
nw/wsj/00/wsj_0039,0,14,``,``,(NP*,-,-,-,-,*,*,-
nw/wsj/00/wsj_0039,0,15,City,NNP,(NP*,-,-,-,-,(WORK_OF_ART*,*,-
nw/wsj/00/wsj_0039,0,16,Lights,NNP,*),-,-,-,-,*),*,-
nw/wsj/00/wsj_0039,0,17,,,,,*,-,-,-,-,*,*,-
nw/wsj/00/wsj_0039,0,18,'','',*,-,-,-,-,*,*,-
nw/wsj/00/wsj_0039,0,19,Chaplin,NNP,(NP(NP(NP*,-,-,-,-,(PERSON),*,-
nw/wsj/00/wsj_0039,0,20,'s,POS,*),-,-,-,-,*,*,-
nw/wsj/00/wsj_0039,0,21,Tramp,NNP,*),-,-,-,-,(PERSON),*,-
nw/wsj/00/wsj_0039,0,22,at,IN,(PP*,-,-,-,-,*,*,-
nw/wsj/00/wsj_0039,0,23,his,PRP$,(NP*,-,-,-,-,*,*,-
nw/wsj/00/wsj_0039,0,24,finest,JJS,*)))))))),-,-,-,-,*,*,-
nw/wsj/00/wsj_0039,0,25,.,.,*)),-,-,-,-,*,*,-

#end,document
