----------------------------------------------------------------------------------------------------
### Local Metric1: Top k overlap - reflect language model performance ###
**simple template**
avg: [0.005620650392111237, 0.003435261389950996, 0.002128157517540614, 0.0013143915294144548, 0.0007964261383250352, 0.00046432524171929077, 0.0002531666355257057, 0.000122822897768861, 4.7578129080475574e-05, 1.0461596335991618e-05, 1.558182819363746e-14]
subspace: 1.6753792569542514e-05
direction: 1.453797290133489e-05

**own corpus**
avg: [0.004719679080832404, 0.0029883300982487464, 0.0019045236916096252, 0.0012043538662842863, 0.0007445688765859413, 0.0004417189449039212, 0.000244551011088363, 0.00012026237339711005, 4.7154470584845366e-05, 1.0482276278543255e-05, 1.2253625992537379e-14]
subspace: 3.4862527473877613e-06
direction: 1.3973392946972824e-06

